4.07514
1.83423
0.930361
0.291059
0.415322
0.2845
0.31232
0.260798
0.205274
0.195786
0.198693
0.223359
0.208762
0.152432
0.16924
0.180804
0.207557
0.158925
0.119258
0.223863
0.276302
0.123347
0.267348
0.142639
0.252517
0.177546
0.16534
0.172209
0.0743801
0.155672
0.182347
0.190915
0.176179
0.169284
0.154539
0.219289
0.154609
0.164029
0.240071
0.150828
0.142455
0.116209
0.147008
0.149961
0.140516
0.183041
0.15713
0.126222
0.109109
0.157333
0.121968
0.149374
0.142342
0.137168
0.192647
0.169672
0.124746
0.113554
0.140596
0.170455
0.129231
0.212577
0.133792
0.140497
0.134645
0.107152
0.15239
0.195868
0.178201
0.155171
0.116355
0.11813
0.184073
0.0977898
0.175564
0.0877955
0.0736037
0.112937
0.164426
0.174415
0.207378
0.179049
0.110982
0.157082
0.0854574
0.100752
0.19361
0.163439
0.141499
0.144375
0.158731
0.184096
0.118515
0.102136
0.119639
0.145645
0.157221
0.178851
0.156079
0.170043
0.147368
0.179932
0.125268
0.179331
0.168942
0.125803
0.224069
0.167123
0.149573
0.184828
0.132658
0.127586
0.0987406
0.134369
0.220543
0.172951
0.188851
0.126584
0.143532
0.171169
0.221103
0.116178
0.133805
0.166264
0.205739
0.133926
0.122084
0.120963
0.122632
0.176421
0.112542
0.111909
0.113769
0.140637
0.157492
0.19284
0.142714
0.118871
0.167685
0.196737
0.154605
0.146569
0.138915
0.137264
0.178423
0.126324
0.157849
0.12003
0.137785
0.0935441
0.12987
0.110901
0.0990988
0.134762
0.115059
0.216564
0.156611
0.146324
0.111688
0.114978
0.119432
0.131246
0.116776
0.150921
0.141765
0.105474
0.0892372
0.155758
0.129834
0.188596
0.135099
0.0878374
0.18913
0.127394
0.146817
0.124828
0.133219
0.183457
0.150054
0.114323
0.0941904
0.14562
0.100522
0.117722
0.184143
0.152454
0.129859
0.137568
0.176801
0.130213
0.0927408
0.188808
0.184084
0.0882621
0.126321
0.118781
0.159826
0.139428
0.150954
0.191229
0.135389
0.161173
0.148628
0.132123
0.198103
0.208407
0.1415
0.178513
0.143669
0.0998534
0.140153
0.0764365
0.158995
0.0985012
0.140712
0.100269
0.16034
0.110284
0.152127
0.152207
0.118223
0.176587
0.12567
0.184928
0.158862
0.153085
0.152862
0.113441
0.157713
0.177839
0.222488
0.160813
0.121944
0.112769
0.134351
0.162459
0.152282
0.123636
0.126725
0.168493
0.123764
0.173655
0.177175
0.192932
0.144366
0.120563
0.153082
0.183664
0.144329
0.124106
0.12925
0.144807
0.127551
0.143915
0.164307
0.133086
0.162991
0.112353
0.192467
0.0941967
0.0914125
0.187875
0.217713
0.156641
0.151968
0.135162
0.121081
0.14263
0.0976935
0.175869
0.142265
0.127133
0.183345
0.173918
0.177521
0.215053
0.22904
0.220819
0.18313
0.151104
0.100458
0.156414
0.146497
0.133488
0.174375
0.124184
0.16919
0.235873
0.137671
0.170742
0.14638
0.138281
0.156743
0.113931
0.152104
0.201238
0.0854522
0.134768
0.178733
0.126963
0.141641
0.14992
0.146414
0.208221
0.113247
0.172558
0.134944
0.207445
0.179301
0.13814
0.123109
0.121103
0.15931
0.190867
0.15378
0.169378
0.102754
0.177224
0.116715
0.164396
0.133959
0.152694
0.181742
0.138582
0.147825
0.177822
0.10917
0.150866
0.184992
0.119745
0.194117
0.100865
0.16343
0.119859
0.201643
0.114773
0.101575
0.115318
0.138056
0.106427
0.140846
0.153327
0.230345
0.122467
0.128172
0.149308
0.114116
0.0972107
0.221627
0.123275
0.14213
0.172456
0.173903
0.0863114
0.205096
0.169337
0.124016
0.153561
0.0999418
0.15053
0.112809
0.114477
0.132605
0.118535
0.176805
0.110565
0.110073
0.1301
0.19915
0.112171
0.111573
0.155423
0.0936962
0.149108
0.152382
0.230312
0.141303
0.128523
0.200812
0.184954
0.142622
0.163723
0.15432
0.150103
0.192044
0.1316
0.150907
0.146915
0.170582
0.116153
0.13667
0.133179
0.12897
0.130633
0.12981
0.139513
0.132384
0.140349
0.187327
0.150117
0.1711
0.124754
0.211711
0.125587
0.19729
0.119667
0.107716
0.152841
0.193346
0.176979
0.201683
0.146092
0.165561
0.185071
0.166557
0.211116
0.227537
0.189457
0.236569
0.238289
0.148572
0.196284
0.156862
0.19256
0.159638
0.0980962
0.102423
0.162717
0.124481
0.199365
0.184301
0.210581
0.150926
0.139399
0.178604
0.107913
0.195329
0.153661
0.151004
0.183095
0.161918
0.208241
0.0752494
0.175011
0.206327
0.193286
0.113966
0.0817498
0.174062
0.0968535
0.12499
0.156159
0.18727
0.158849
0.177003
0.161422
0.103533
0.162791
0.20087
0.167843
0.159834
0.109855
0.168465
0.104368
0.158338
0.0936876
0.109589
0.229544
0.165371
0.161066
0.197871
0.15875
0.162996
0.173501
0.157013
0.12082
0.160283
0.139444
0.176755
0.172221
0.164052
0.175378
0.14688
0.110696
0.137855
0.147465
0.109108
0.143788
0.186677
0.184505
0.14476
0.150369
0.153743
0.119886
0.144336
0.150884
0.154106
0.143077
0.166382
0.138734
0.222106
0.216351
0.18167
0.129061
0.156872
0.158116
0.181954
0.150758
0.14585
0.13677
0.168896
0.145461
0.21508
0.173558
0.102405
0.215352
0.135795
0.116224
0.125967
0.150743
0.130463
0.0801739
0.122939
0.120598
0.117782
0.139556
0.0901916
0.148792
0.0746774
0.125595
0.165904
0.190428
0.113909
0.17365
0.0999682
0.157888
0.118313
0.141933
0.139741
0.210077
0.107285
0.155296
0.159942
0.130959
0.122279
0.198745
0.140165
0.184304
0.15677
0.192719
0.129553
0.130282
0.225871
0.124702
0.124936
0.164028
0.128529
0.157152
0.114981
0.151825
0.132217
0.119263
0.137113
0.159329
0.148048
0.135338
0.177949
0.101408
0.130534
0.128253
0.106033
0.138423
0.137938
0.213469
0.181142
0.11412
0.175141
0.143354
0.125378
0.137797
0.158339
0.151773
0.198609
0.102528
0.144905
0.0894136
0.154935
0.122551
0.134195
0.112843
0.163329
0.217041
0.14695
0.216904
0.235269
0.105501
0.113028
0.128791
0.122517
0.174096
0.123772
0.188894
0.191001
0.150865
0.163184
0.248284
0.148577
0.144562
0.203193
0.138996
0.106552
0.150793
0.162325
0.167374
0.137411
0.150681
0.141278
0.116307
0.168726
0.18083
0.151556
0.151538
0.147244
0.2749
0.125437
0.0790952
0.170092
0.135617
0.0567428
0.169417
0.14852
0.15828
0.226716
0.127276
0.177911
0.177047
0.119267
0.192609
0.187194
0.182798
0.166529
0.218536
0.109769
0.186598
0.10595
0.170136
0.15848
0.153648
0.188246
0.145271
0.106345
0.121256
0.146041
0.0982797
0.179717
0.118296
0.176912
0.0916274
0.164336
0.165935
0.15751
0.184537
0.0920603
0.0818586
0.225441
0.159453
0.191509
0.183633
0.0937617
0.140434
0.138981
0.177617
0.201196
0.109584
0.132402
0.135222
0.13936
0.168928
0.102862
0.162852
0.150219
0.150437
0.115999
0.174149
0.127519
0.116725
0.160856
0.0976852
0.130205
0.172618
0.168334
0.152432
0.110482
0.130558
0.150247
0.173098
0.10251
0.156872
0.0888858
0.171146
0.224606
0.242917
0.140702
0.184207
0.195279
0.182592
0.156946
0.169672
0.142076
0.13987
0.121203
0.124771
0.18664
0.130357
0.146293
0.0754644
0.11808
0.17289
0.145689
0.166569
0.142692
0.161166
0.135185
0.150246
0.180897
0.106091
0.132272
0.173276
0.258337
0.139511
0.17457
0.158258
0.134988
0.15466
0.170362
0.122572
0.152591
0.0799154
0.118738
0.243227
0.108294
0.154236
0.176199
0.173066
0.175724
0.107606
0.156812
0.0891473
0.155523
0.0794499
0.142379
0.20174
0.109383
0.14201
0.196682
0.125251
0.197024
0.173047
0.13952
0.141063
0.165072
0.161905
0.143352
0.173423
0.129308
0.131228
0.165781
0.166664
0.142955
0.132199
0.100808
0.101927
0.117239
0.22007
0.14664
0.140052
0.205852
0.168713
0.135212
0.213675
0.112087
0.230175
0.159053
0.123655
0.123852
0.167583
0.177936
0.174685
0.123952
0.146895
0.215117
0.136373
0.142241
0.0984304
0.146481
0.196741
0.19499
0.178233
0.198249
0.174236
0.0845565
0.180386
0.13039
0.117765
0.205392
0.15116
0.157819
0.144875
0.134056
0.121247
0.15853
0.157975
0.0763156
0.190802
0.158697
0.154188
0.162895
0.143119
0.14616
0.202003
0.129094
0.137599
0.144104
0.239199
0.177694
0.133229
0.192638
0.080348
0.190125
0.10509
0.153232
0.172067
0.177674
0.117816
0.187777
0.179495
0.175645
0.140271
0.153005
0.197483
0.122755
0.156289
0.171878
0.138866
0.145331
0.132659
0.172377
0.175279
0.143828
0.179268
0.0898042
0.170747
0.131169
0.0866909
0.108815
0.154387
0.181546
0.221771
0.171046
0.213242
0.170961
0.156412
0.147471
0.137949
0.162666
0.126641
0.134146
0.135185
0.155852
0.128231
0.183175
0.210903
0.135092
0.151651
0.146623
0.102944
0.186544
0.100002
0.210478
0.255124
0.147644
0.171369
0.117258
0.144872
0.138116
0.163897
0.165281
0.180839
0.103403
0.163229
0.159908
0.0862271
0.154043
0.149678
0.18506
0.159822
0.134169
0.152426
0.136149
0.171139
0.176213
0.193643
0.103334
0.109131
0.188371
0.117914
0.188459
0.168639
0.134583
0.125013
0.156188
0.145644
0.15342
0.167317
0.159062
0.14619
0.195255
0.217967
0.195444
0.201635
0.157728
0.158643
0.112189
0.178992
0.179193
0.191101
0.149503
0.148825
0.130273
0.148847
0.130317
0.173739
0.141032
0.179004
0.140851
0.125179
0.219788
0.129863
0.144396
0.177815
0.220581
0.26484
0.236288
0.18694
0.130227
0.122083
0.20263
0.176742
0.189527
0.116198
0.158476
0.136767
0.110358
0.163232
0.117773
0.124892
0.13315
0.171567
0.214042
0.158908
0.100564
0.163397
0.0947791
0.140417
0.122765
0.200464
0.236637
0.120456
0.162792
0.161193
0.160944
0.156044
0.125188
0.145406
0.233416
0.132165
0.149558
0.156553
0.174737
0.15025
0.137672
0.150135
0.207733
0.133686
0.169031
0.170853
0.14302
0.13924
0.150152
0.222158
0.147724
0.143057
0.200966
0.154614
0.188102
0.178853
0.18486
0.175229
0.239084
0.119402
0.0999335
0.148985
0.151407
0.122944
0.215831
0.137629
0.125229
0.162905
0.159811
0.108461
0.191838
0.167063
0.144325
0.140848
0.143246
0.0888303
0.141812
0.125227
0.104066
0.196607
0.134231
0.165536
0.196913
0.179414
0.121958
0.137641
0.120539
0.163713
0.0796937
0.193093
0.172553
0.118981
0.140386
0.143947
0.16377
0.166821
0.214091
0.275256
0.130365
0.146388
0.142597
0.138213
0.212502
0.134346
0.148365
0.191303
0.128942
0.126458
0.153501
0.143071
0.145863
0.115669
0.148388
0.128556
0.147789
0.16019
0.145824
0.133305
0.201716
0.166626
0.17352
0.19143
0.184067
0.153634
0.156666
0.105146
0.187453
0.066825
0.182092
0.115128
0.131144
0.204023
0.1334
0.156097
0.117099
0.123629
0.21077
0.176035
0.164556
0.146065
0.183998
0.138967
0.18607
0.157674
0.174113
0.17742
0.125339
0.210795
0.157127
0.203446
0.109547
0.152557
0.149663
0.18318
0.173109
0.144031
0.186465
0.18548
0.127114
0.138148
0.14687
0.188445
0.161043
0.217924
0.145833
0.130012
0.151232
0.170368
0.174182
0.173188
0.17924
0.135537
0.170738
0.199156
0.0971778
0.128661
0.172276
0.0698302
0.143038
0.119938
0.115614
0.161709
0.101421
0.20473
0.152667
0.12223
0.0924734
0.242608
0.195465
0.1505
0.156247
0.151316
0.139343
0.116428
0.123618
0.201351
0.141934
0.140218
0.144782
0.165951
0.179467
0.14195
0.175553
0.156842
0.168032
0.134157
0.219948
0.128985
0.204617
0.167825
0.201426
0.192421
0.177593
0.180261
0.175805
0.197182
0.125839
0.118138
0.137914
0.114107
0.164414
0.216438
0.239999
0.16094
0.165094
0.139158
0.194805
0.209258
0.18824
0.153458
0.0664013
0.20508
0.168393
0.160398
0.187107
0.181726
0.211937
0.1381
0.185702
0.112989
0.115284
0.191571
0.181466
0.197465
0.175802
0.138748
0.157611
0.150243
0.218156
0.153357
0.163749
0.162032
0.17966
0.156115
0.221358
0.165103
0.134873
0.156253
0.136909
0.136032
0.100715
0.17483
0.183605
0.280145
0.125567
0.10162
0.156723
0.155575
0.119156
0.185151
0.152074
0.175715
0.194234
0.0976661
0.175553
0.149264
0.160419
0.173664
0.132896
0.166172
0.133852
0.152664
0.161197
0.222263
0.0891094
0.136053
0.172214
0.162019
0.169163
0.111406
0.194517
0.167589
0.189658
0.107558
0.146582
0.0970994
0.0671307
0.180138
0.16731
0.0965892
0.151278
0.152537
0.133973
0.1085
0.126118
0.139396
0.121262
0.107309
0.210633
0.169365
0.1156
0.0761996
0.167577
0.127855
0.199447
0.157432
0.146396
0.152855
0.158604
0.150869
0.185514
0.222207
0.174107
0.0975492
0.107551
0.130745
0.18639
0.218342
0.167709
0.136484
0.166902
0.129719
0.139663
0.117293
0.166637
0.101431
0.112805
0.143087
0.147988
0.135364
0.106118
0.106268
0.164215
0.236233
0.178666
0.18239
0.184215
0.153751
0.153366
0.143565
0.193864
0.21784
0.195403
0.171398
0.0977878
0.19761
0.125128
0.205915
0.232273
0.1958
0.144536
0.120644
0.147903
0.14827
0.198084
0.126194
0.159987
0.153639
0.1647
0.156651
0.134845
0.147618
0.184629
0.135717
0.180738
0.118783
0.189703
0.160344
0.156935
0.220355
0.193074
0.111305
0.16246
0.190728
0.119325
0.225179
0.186699
0.15688
0.167916
0.167021
0.104743
0.168372
0.148662
0.149223
0.18843
0.124089
0.0883393
0.164922
0.155025
0.176232
0.129038
0.12028
0.125528
0.109621
0.217979
0.0677376
0.166197
0.118078
0.110576
0.249267
0.176596
0.191571
0.10454
0.138477
0.177443
0.222266
0.186447
0.179235
0.288493
0.172169
0.132083
0.15354
0.226098
0.152134
0.115056
0.154608
0.147653
0.194925
0.168744
0.146697
0.163618
0.131377
0.134423
0.171498
0.226673
0.220114
0.155679
0.213184
0.121412
0.202078
0.11526
0.106693
0.158891
0.195835
0.164252
0.154165
0.132051
0.197333
0.186718
0.190618
0.192092
0.223329
0.158952
0.143887
0.192108
0.203513
0.205708
0.151534
0.194351
0.145463
0.151886
0.166866
0.180499
0.114833
0.104669
0.0848675
0.166273
0.160349
0.189895
0.184099
0.141352
0.159219
0.189775
0.170058
0.0905658
0.216928
0.130546
0.0902604
0.131179
0.107713
0.138786
0.248486
0.165859
0.135812
0.137114
0.206732
0.193352
0.174649
0.179563
0.175451
0.162313
0.176977
0.122698
0.123172
0.110963
0.193718
0.112873
0.214169
0.145819
0.202953
0.195831
0.151765
0.220293
0.115502
0.160606
0.0876186
0.133557
0.211813
0.122957
0.136735
0.15917
0.225885
0.173186
0.128873
0.140615
0.158598
0.111242
0.20347
0.180362
0.130141
0.135829
0.166437
0.214184
0.178869
0.204947
0.12928
0.10942
0.148772
0.193184
0.12702
0.103082
0.130449
0.0902838
0.219827
0.112946
0.148993
0.16925
0.184986
0.201212
0.13737
0.203368
0.099566
0.297046
0.188607
0.18219
0.189968
0.14952
0.154905
0.175161
0.121645
0.11413
0.209138
0.244936
0.114136
0.155707
0.170198
0.0894026
0.158897
0.148867
0.0885008
0.141579
0.197651
0.196749
0.152666
0.174494
0.119985
0.175115
0.186629
0.174124
0.161664
0.155547
0.114068
0.142692
0.204388
0.226779
0.181195
0.156046
0.177791
0.19497
0.131814
0.150095
0.101749
0.0914024
0.150088
0.107975
0.19433
0.0862247
0.0874196
0.183546
0.193559
0.173723
0.135106
0.234948
0.167219
0.152095
0.211358
0.132972
0.154588
0.158072
0.105731
0.117337
0.147861
0.199495
0.117451
0.142555
0.185262
0.121204
0.142227
0.131308
0.150565
0.11626
0.189611
0.249686
0.156881
0.163714
0.145896
0.133363
0.190027
0.180597
0.240951
0.172082
0.123764
0.264887
0.224954
0.119599
0.185288
0.155618
0.145945
0.176867
0.179774
0.270187
0.156563
0.181661
0.180571
0.203817
0.136599
0.20946
0.131247
0.172148
0.125946
0.173378
0.139127
0.13174
0.114193
0.147362
0.144659
0.141826
0.215662
0.186928
0.185716
0.150381
0.113846
0.183137
0.178821
0.185709
0.117879
0.149639
0.172658
0.201424
0.0937411
0.200279
0.207726
0.196185
0.0941576
0.130451
0.163638
0.173959
0.134673
0.142392
0.119219
0.240928
0.183013
0.0912628
0.18479
0.174395
0.165323
0.1989
0.216985
0.181691
0.158486
0.173353
0.113681
0.169876
0.249422
0.20174
0.170348
0.132957
0.162319
0.137449
0.171496
0.189931
0.11862
0.139576
0.115827
0.170058
0.108382
0.124718
0.133995
0.138773
0.151923
0.163396
0.172821
0.164777
0.142162
0.201243
0.0816275
0.137496
0.157821
0.103606
0.133305
0.153751
0.15646
0.1366
0.136616
0.224961
0.178605
0.144115
0.217438
0.135494
0.206493
0.236081
0.21634
0.223625
0.215445
0.167913
0.197473
0.180806
0.140432
0.16267
0.156209
0.159181
0.150618
0.177908
0.171594
0.10116
0.121954
0.122385
0.149681
0.148444
0.154213
0.165451
0.178741
0.157806
0.131078
0.16701
0.176516
0.156882
0.113387
0.130335
0.105239
0.162675
0.18655
0.127141
0.142104
0.10511
0.11556
0.12172
0.123369
0.177634
0.174187
0.194774
0.166185
0.213335
0.189672
0.145686
0.122444
0.0942225
0.0989388
0.128054
0.172961
0.145788
0.150469
0.138532
0.172003
0.139176
0.122605
0.131787
0.15333
0.149185
0.200031
0.134122
0.153944
0.129318
0.121188
0.0957123
0.116465
0.163879
0.154495
0.188911
0.0989416
0.149041
0.263347
0.158502
0.104792
0.206893
0.10279
0.0943558
0.181883
0.159195
0.202516
0.128236
0.132536
0.0948865
0.160678
0.151456
0.208768
0.188805
0.156659
0.181444
0.174193
0.160062
0.255589
0.124255
0.161884
0.186343
0.246337
0.151679
0.20293
0.0717189
0.134634
0.123311
0.112854
0.144435
0.200627
0.0980018
0.184775
0.137501
0.181983
0.193238
0.125816
0.235659
0.144137
0.242564
0.185579
0.123597
0.103189
0.136514
0.125883
0.082005
0.194216
0.155652
0.172297
0.222733
0.115181
0.216653
0.147369
0.142051
0.131486
0.156901
0.186065
0.230198
0.185406
0.260468
0.140015
0.17729
0.153443
0.201877
0.168262
0.182501
0.103268
0.125587
0.223053
0.135171
0.159823
0.148705
0.114912
0.204416
0.150131
0.143817
0.131247
0.155209
0.12028
0.218979
0.120209
0.131077
0.201935
0.152432
0.219523
0.165105
0.208319
0.131321
0.129245
0.18838
0.131634
0.133037
0.138737
0.157279
0.160468
0.139664
0.137171
0.160746
0.172829
0.137746
0.150073
0.147955
0.211257
0.211435
0.162628
0.167751
0.169161
0.223932
0.151239
0.161488
0.186836
0.118048
0.122963
0.165876
0.176578
0.172446
0.134318
0.137651
0.17239
0.165808
0.12526
0.179238
0.176868
0.171358
0.1508
0.158737
0.229288
0.102203
0.151962
0.151028
0.139685
0.1783
0.19512
0.161377
0.226902
0.138202
0.156125
0.158793
0.197782
0.167666
0.168783
0.113326
0.149874
0.172465
0.200375
0.177729
0.209876
0.1778
0.143571
0.132204
0.126389
0.136872
0.144191
0.148365
0.198619
0.172577
0.162577
0.168855
0.204721
0.17628
0.201367
0.129933
0.151934
0.13162
0.143708
0.176266
0.109493
0.182312
0.131039
0.247826
0.188856
0.100351
0.141821
0.136502
0.114484
0.108992
0.162819
0.121798
0.16244
0.185882
0.142042
0.20941
0.148224
0.192219
0.127719
0.147553
0.0767684
0.148139
0.151244
0.159064
0.0930968
0.22459
0.12204
0.194325
0.105255
0.159574
0.124909
0.132885
0.148304
0.104046
0.181653
0.13231
0.161317
0.0800071
0.171023
0.14293
0.0892207
0.151072
0.0912603
0.153409
0.214293
0.157269
0.169434
0.141641
0.115245
0.123069
0.15649
0.145514
0.0690509
0.224846
0.150496
0.154773
0.166518
0.193432
0.144647
0.147156
0.159773
0.161021
0.122233
0.152746
0.127091
0.174516
0.121589
0.144563
0.0760487
0.19864
0.140084
0.15381
0.0980656
0.195611
0.0935374
0.143301
0.159861
0.198906
0.197608
0.225684
0.101343
0.172163
0.144824
0.130512
0.14549
0.118017
0.119726
0.282295
0.126401
0.100872
0.139912
0.19109
0.115114
0.153097
0.122002
0.161218
0.167987
0.172921
0.0832216
0.138044
0.202626
0.172706
0.114478
0.155063
0.165529
0.143553
0.142919
0.148479
0.181853
0.199099
0.156417
0.123556
0.186279
0.166863
0.188579
0.150857
0.12117
0.170651
0.138582
0.201715
0.163436
0.120075
0.224238
0.176967
0.162085
0.0866716
0.158602
0.179062
0.138497
0.168727
0.10815
0.130161
0.174537
0.183124
0.139666
0.148261
0.130066
0.102321
0.218922
0.172543
0.163499
0.11542
0.140829
0.165549
0.113667
0.145719
0.172358
0.137512
0.164424
0.132463
0.147116
0.143093
0.152612
0.198999
0.169253
0.108771
0.142028
0.117717
0.130511
0.207499
0.214287
0.158099
0.153913
0.154787
0.112139
0.138187
0.1824
0.133447
0.173788
0.167986
0.100335
0.175268
0.152714
0.127352
0.105003
0.194758
0.11538
0.18819
0.142241
0.226587
0.0999329
0.21684
0.148087
0.116657
0.166454
0.16873
0.194609
0.0885419
0.104884
0.168631
0.106422
0.112102
0.151497
0.212779
0.123515
0.158992
0.257741
0.122012
0.176655
0.206876
0.12267
0.114382
0.185845
0.163534
0.164898
0.103192
0.176339
0.10086
0.115924
0.200197
0.128555
0.159398
0.094233
0.124052
0.146368
0.181108
0.158869
0.221042
0.161293
0.215003
0.114305
0.123988
0.137875
0.158821
0.153368
0.170673
0.165657
0.146578
0.199731
0.176999
0.10583
0.249568
0.108608
0.227609
0.0996941
0.187421
0.132653
0.228823
0.152893
0.143122
0.158906
0.131253
0.218901
0.135646
0.106461
0.131099
0.122851
0.10786
0.167305
0.179991
0.117935
0.229714
0.105203
0.173854
0.0954757
0.149864
0.119226
0.151828
0.225415
0.171807
0.165264
0.150952
0.232162
0.19261
0.0865509
0.144794
0.224179
0.155261
0.163681
0.0900237
0.160645
0.186722
0.116194
0.155286
0.163033
0.176711
0.176145
0.161934
0.158124
0.16955
0.150613
0.161305
0.156362
0.12498
0.110979
0.15065
0.100866
0.0803504
0.24033
0.120433
0.109524
0.128049
0.120948
0.183836
0.187711
0.101857
0.224019
0.152875
0.148853
0.140644
0.11261
0.241037
0.163377
0.159051
0.184264
0.167349
0.166141
0.190839
0.203088
0.134372
0.182684
0.154459
0.124771
0.147547
0.16094
0.120002
0.167909
0.174711
0.190093
0.135962
0.159763
0.270281
0.109692
0.155055
0.102244
0.128227
0.18264
0.147603
0.197511
0.261069
0.0996299
0.104075
0.161143
0.192561
0.110422
0.127657
0.11394
0.221439
0.160531
0.151503
0.138152
0.155342
0.180401
0.251167
0.196621
0.188095
0.183795
0.178138
0.151322
0.119629
0.129273
0.15566
0.137483
0.132898
0.186805
0.142822
0.134367
0.133468
0.200208
0.126823
0.126043
0.223689
0.177339
0.101887
0.131879
0.213023
0.101884
0.18318
0.115964
0.22888
0.140122
0.149247
0.211755
0.18615
0.099801
0.130218
0.112521
0.18632
0.163237
0.119322
0.176237
0.157072
0.156879
0.128787
0.184081
0.139126
0.0962802
0.113228
0.176797
0.107768
0.127424
0.134703
0.174608
0.131229
0.155066
0.125669
0.191406
0.137688
0.19899
0.120193
0.147604
0.0900341
0.106335
0.147411
0.191714
0.184773
0.16556
0.122878
0.132207
0.13109
0.133822
0.153663
0.113565
0.151945
0.24231
0.109478
0.151489
0.230051
0.129114
0.161761
0.0899152
0.130684
0.111659
0.191692
0.120416
0.200784
0.129895
0.17721
0.184085
0.15349
0.14612
0.115637
0.15089
0.135323
0.155505
0.162231
0.195598
0.236645
0.183886
0.152758
0.11234
0.100211
0.151442
0.167797
0.136375
0.134583
0.169357
0.230247
0.185088
0.177361
0.206952
0.218626
0.133396
0.189342
0.217158
0.134263
0.174115
0.124279
0.116167
0.1739
0.186937
0.169482
0.154616
0.140644
0.108135
0.222978
0.111684
0.129663
0.156625
0.158557
0.107436
0.185808
0.156629
0.159335
0.14368
0.147112
0.131456
0.15948
0.147668
0.181941
0.157636
0.149804
0.086379
0.116897
0.135939
0.168576
0.156585
0.11376
0.188263
0.205974
0.138493
0.147843
0.128041
0.141135
0.116708
0.170705
0.0953023
0.180813
0.154696
0.134911
0.137065
0.181231
0.169429
0.158227
0.162293
0.115102
0.177688
0.179567
0.167874
0.211269
0.205421
0.15857
0.205824
0.158851
0.168768
0.11635
0.15556
0.183844
0.128024
0.20553
0.205208
0.190051
0.189982
0.153404
0.136658
0.14296
0.114267
0.148478
0.13646
0.210201
0.120368
0.176712
0.121292
0.0894027
0.125418
0.113588
0.213624
0.1546
0.118667
0.158482
0.254297
0.135818
0.195684
0.133367
0.141222
0.140599
0.156429
0.122794
0.161996
0.230996
0.13367
0.152269
0.156098
0.16829
0.109832
0.193273
0.160642
0.177682
0.244785
0.16008
0.179819
0.129399
0.189442
0.135886
0.131968
0.128138
0.1483
0.19986
0.220507
0.195099
0.137464
0.20947
0.107445
0.188826
0.208347
0.162756
0.200476
0.122049
0.111936
0.172526
0.18083
0.177895
0.112347
0.118926
0.237842
0.168906
0.186631
0.156837
0.178807
0.225991
0.153094
0.155052
0.139231
0.185643
0.216276
0.134897
0.116984
0.0940019
0.200189
0.198438
0.174452
0.125942
0.187125
0.18591
0.1871
0.202357
0.189763
0.157376
0.162797
0.134304
0.148397
0.154868
0.118936
0.125694
0.152277
0.112694
0.105526
0.100172
0.101566
0.150616
0.12562
0.114353
0.0936745
0.0973835
0.138582
0.100592
0.147242
0.0745171
0.144909
0.14253
0.102008
0.156156
0.188822
0.186207
0.149875
0.183624
0.160183
0.174982
0.138286
0.157784
0.14006
0.165486
0.150241
0.114979
0.143164
0.0888884
0.181813
0.228916
0.100462
0.0946926
0.167112
0.140625
0.117552
0.149561
0.0848979
0.162184
0.0780393
0.0913299
0.132599
0.144138
0.13498
0.206709
0.116047
0.149669
0.17567
0.221161
0.140143
0.12932
0.137766
0.150675
0.123496
0.195401
0.112076
0.175062
0.190602
0.155673
0.176712
0.183075
0.234363
0.105062
0.159972
0.162235
0.149502
0.152297
0.132431
0.136479
0.198479
0.144904
0.172516
0.141518
0.119203
0.176062
0.131326
0.157338
0.198048
0.151647
0.178174
0.19169
0.131217
0.172932
0.140366
0.165353
0.208823
0.152424
0.154669
0.123685
0.133175
0.182045
0.150747
0.11747
0.135386
0.128765
0.165945
0.107975
0.07794
0.154659
0.0725423
0.161669
0.15165
0.137933
0.135786
0.146472
0.109471
0.17
0.110124
0.107861
0.156046
0.189534
0.131944
0.110507
0.107094
0.178207
0.118304
0.157332
0.188144
0.13383
0.121703
0.17118
0.12323
0.172531
0.148027
0.20964
0.151054
0.145721
0.118801
0.106496
0.213235
0.161327
0.118413
0.170542
0.167963
0.126532
0.111181
0.184475
0.149458
0.178219
0.120598
0.136404
0.146304
0.0889021
0.199553
0.234716
0.158336
0.160845
0.141065
0.163797
0.138299
0.141599
0.178566
0.172529
0.13804
0.183434
0.155445
0.113319
0.123414
0.162558
0.217985
0.128035
0.130997
0.0986937
0.111377
0.124793
0.152673
0.155345
0.112466
0.206323
0.107136
0.167044
0.141595
0.228452
0.141178
0.136461
0.198077
0.158088
0.177959
0.185295
0.137411
0.191751
0.182138
0.193178
0.122327
0.115278
0.18805
0.178514
0.207812
0.186355
0.168168
0.225096
0.207964
0.187267
0.227358
0.222153
0.128034
0.121709
0.202368
0.168356
0.130178
0.124691
0.117615
0.182223
0.205827
0.183765
0.120797
0.168447
0.15428
0.189986
0.126781
0.0622649
0.200593
0.138926
0.111431
0.237671
0.190828
0.152074
0.13136
0.194896
0.152392
0.185605
0.119018
0.0912889
0.133303
0.0994165
0.144978
0.0995344
0.181801
0.109276
0.122552
0.173175
0.102901
0.176173
0.135391
0.139619
0.173537
0.24919
0.124434
0.257189
0.0833278
0.102631
0.147774
0.174633
0.181431
0.114832
0.11868
0.194969
0.11789
0.166687
0.120046
0.172024
0.11171
0.166276
0.14284
0.159174
0.150688
0.200887
0.145537
0.126618
0.132377
0.104915
0.151214
0.134357
0.149903
0.157702
0.192405
0.148756
0.208809
0.160252
0.171506
0.129075
0.185986
0.143223
0.178263
0.11283
0.0962088
0.128539
0.129437
0.130835
0.16992
0.0848246
0.194819
0.187256
0.170597
0.143996
0.184982
0.194829
0.109403
0.260244
0.168648
0.198608
0.0858398
0.178155
0.146394
0.220229
0.182863
0.103669
0.133881
0.177176
0.146429
0.223002
0.117376
0.156814
0.151917
0.223839
0.234574
0.141815
0.18582
0.162144
0.144094
0.147795
0.12492
0.140827
0.193805
0.153842
0.0818976
0.080193
0.218355
0.163475
0.170555
0.137063
0.116078
0.0965163
0.117335
0.147664
0.141117
0.133567
0.187555
0.112954
0.0988537
0.107479
0.166371
0.21306
0.11398
0.17781
0.171583
0.181159
0.11698
0.148596
0.126077
0.149002
0.169893
0.134801
0.138153
0.259756
0.194974
0.131103
0.208009
0.196928
0.156896
0.162464
0.148375
0.163671
0.154198
0.152584
0.097905
0.0986311
0.107411
0.154062
0.199325
0.146883
0.14008
0.133178
0.166037
0.129481
0.10888
0.132645
0.25857
0.132708
0.133544
0.2325
0.109669
0.152781
0.100231
0.141142
0.113642
0.125961
0.121692
0.131317
0.205373
0.161757
0.0951971
0.114536
0.154749
0.140148
0.126754
0.191077
0.195747
0.221758
0.157484
0.207324
0.148244
0.18833
0.158682
0.168311
0.108319
0.125192
0.148142
0.18159
0.182493
0.170693
0.13923
0.162907
0.147083
0.0945454
0.112567
0.201103
0.0824548
0.115131
0.124512
0.10933
0.19181
0.0916095
0.131432
0.194213
0.176295
0.162212
0.226467
0.231871
0.0991556
0.1816
0.122362
0.0761315
0.105894
0.0749707
0.213554
0.114187
0.140939
0.110123
0.215589
0.109357
0.0792351
0.254205
0.186346
0.240403
0.0986528
0.201417
0.181738
0.16589
0.210153
0.218413
0.168345
0.146765
0.0826158
0.145212
0.111342
0.165097
0.27814
0.203918
0.14978
0.196106
0.191339
0.170642
0.164041
0.142629
0.105304
0.127414
0.19053
0.223858
0.124414
0.103767
0.0950029
0.162548
0.128077
0.117419
0.233866
0.106692
0.204781
0.198871
0.156818
0.140774
0.164571
0.223672
0.105171
0.122192
0.205012
0.107011
0.150995
0.103927
0.121312
0.153916
0.160341
0.21776
0.142615
0.144776
0.132291
0.131419
0.166701
0.157339
0.162379
0.144253
0.152301
0.144881
0.172239
0.144312
0.12195
0.122385
0.204073
0.144645
0.133048
0.18018
0.152769
0.185507
0.147601
0.216384
0.141015
0.156261
0.118292
0.212672
0.148546
0.0932114
0.149282
0.139187
0.119551
0.124924
0.13319
0.18548
0.177596
0.276102
0.0874446
0.166097
0.165649
0.16475
0.177545
0.201246
0.117355
0.198145
0.126183
0.21
0.126642
0.189668
0.167698
0.163834
0.153768
0.143973
0.145812
0.147242
0.161704
0.152295
0.175861
0.158115
0.237074
0.156964
0.180028
0.18948
0.14914
0.119501
0.166189
0.224447
0.173696
0.162902
0.168216
0.124051
0.235082
0.153056
0.139681
0.149216
0.166042
0.173708
0.15077
0.201315
0.129576
0.136376
0.107359
0.181269
0.206073
0.171563
0.137424
0.205596
0.106213
0.0938528
0.110546
0.162806
0.0967891
0.254489
0.135611
0.178277
0.158515
0.198483
0.106718
0.144667
0.15649
0.113867
0.12747
0.180092
0.142519
0.132552
0.137312
0.122068
0.109328
0.120743
0.139044
0.167149
0.1721
0.167847
0.171079
0.195226
0.155739
0.171757
0.128541
0.172339
0.145579
0.14206
0.172513
0.169971
0.128128
0.0712882
0.112453
0.128504
0.223475
0.142967
0.16587
0.0970389
0.146156
0.117989
0.0754913
0.227266
0.142114
0.170564
0.145839
0.141018
0.200101
0.247867
0.128203
0.0819493
0.18937
0.141064
0.120764
0.0979571
0.165447
0.16545
0.166265
0.178229
0.205277
0.135428
0.120006
0.131509
0.132654
0.114957
0.161617
0.131398
0.20738
0.115102
0.163304
0.140499
0.14587
0.181596
0.189726
0.136297
0.193897
0.137938
0.138524
0.205351
0.123556
0.159433
0.130258
0.145941
0.151907
0.129008
0.109714
0.132787
0.149066
0.163006
0.185545
0.0961354
0.193646
0.190868
0.152025
0.186559
0.197923
0.110328
0.152529
0.171247
0.165043
0.121578
0.143395
0.131881
0.184737
0.17126
0.18277
0.143948
0.176331
0.082252
0.141716
0.155973
0.190225
0.100977
0.104905
0.11804
0.147205
0.145913
0.135356
0.154779
0.232637
0.13119
0.170313
0.223548
0.095923
0.103113
0.142952
0.14227
0.16478
0.133001
0.142041
0.132121
0.134687
0.15839
0.182159
0.200073
0.133658
0.181312
0.0916935
0.119522
0.154697
0.171739
0.164769
0.149461
0.137303
0.110606
0.133043
0.123744
0.169015
0.144142
0.150025
0.117814
0.185991
0.080659
0.138423
0.207328
0.0966712
0.152326
0.164434
0.143675
0.135911
0.185438
0.216391
0.0540082
0.228975
0.142424
0.152797
0.134155
0.138861
0.153306
0.14637
0.12248
0.115895
0.119142
0.179743
0.191259
0.150797
0.194762
0.128069
0.131376
0.202595
0.16848
0.148574
0.149888
0.158316
0.11371
0.116315
0.152061
0.22731
0.111451
0.148629
0.139282
0.229546
0.156839
0.198347
0.187407
0.137346
0.132767
0.202628
0.128231
0.273601
0.103746
0.145602
0.177427
0.202911
0.124864
0.205151
0.234105
0.169846
0.14535
0.161573
0.179457
0.216022
0.102425
0.149192
0.155767
0.139305
0.113592
0.230672
0.16284
0.108182
0.152113
0.188752
0.119583
0.207563
0.19465
0.224324
0.158486
0.134149
0.153504
0.134147
0.172564
0.173384
0.181288
0.148869
0.181248
0.150002
0.126365
0.154543
0.132357
0.137371
0.075236
0.176956
0.0799583
0.161105
0.120472
0.138543
0.161286
0.16151
0.147149
0.165086
0.142762
0.136886
0.176561
0.168956
0.167402
0.191132
0.110865
0.137516
0.141761
0.152389
0.150501
0.138846
0.14375
0.125416
0.14858
0.197444
0.174522
0.171386
0.2314
0.178734
0.126605
0.164444
0.17981
0.237745
0.191149
0.164654
0.258854
0.148887
0.220221
0.142985
0.120085
0.202433
0.188662
0.20109
0.184439
0.118132
0.149678
0.147763
0.148536
0.143122
0.200629
0.176642
0.0911221
0.135599
0.172
0.136237
0.134157
0.128728
0.200837
0.221284
0.189474
0.135139
0.206843
0.0996278
0.147002
0.10195
0.182947
0.141616
0.141136
0.132715
0.180568
0.245689
0.187013
0.129004
0.161383
0.165144
0.187252
0.0824188
0.127108
0.126852
0.170806
0.176482
0.106024
0.130704
0.124355
0.184383
0.124716
0.157894
0.138935
0.156168
0.167733
0.143748
0.102332
0.119508
0.139752
0.146464
0.204139
0.135257
0.25605
0.225023
0.17962
0.128457
0.147466
0.120769
0.123482
0.212594
0.147762
0.221432
0.159571
0.176147
0.138579
0.167453
0.129294
0.159013
0.14673
0.23831
0.0887708
0.125823
0.144841
0.141722
0.193479
0.227985
0.149697
0.17775
0.18873
0.146945
0.133589
0.169087
0.19395
0.144049
0.175481
0.214501
0.133219
0.136311
0.117071
0.144887
0.263825
0.14384
0.154958
0.177953
0.152301
0.199065
0.130841
0.160617
0.0973913
0.140526
0.129482
0.127446
0.150656
0.162145
0.125673
0.149754
0.185543
0.215674
0.108217
0.250494
0.191461
0.183984
0.180576
0.140566
0.128135
0.183091
0.163536
0.130566
0.146282
0.195116
0.168042
0.084355
0.119913
0.159771
0.15891
0.131879
0.132215
0.139861
0.217601
0.164392
0.111029
0.0805779
0.115588
0.154537
0.130498
0.0867093
0.120865
0.10761
0.144475
0.113324
0.119392
0.202407
0.172316
0.194966
0.17884
0.128705
0.210964
0.0850132
0.20607
0.0996768
0.125031
0.12089
0.155059
0.129319
0.185551
0.136366
0.171492
0.179332
0.171103
0.15093
0.237497
0.152051
0.100341
0.197599
0.137791
0.187694
0.120954
0.14731
0.221476
0.154179
0.180787
0.159957
0.127155
0.0809198
0.160587
0.129788
0.126458
0.222257
0.204067
0.181333
0.144444
0.210765
0.122067
0.155479
0.151149
0.1117
0.150896
0.133737
0.154092
0.133505
0.181215
0.119132
0.15536
0.174652
0.142994
0.0635366
0.194604
0.280592
0.158892
0.124761
0.115226
0.167056
0.156716
0.0915429
0.169259
0.253979
0.171661
0.16964
0.143959
0.207597
0.165327
0.0939062
0.176018
0.194361
0.128686
0.207986
0.211887
0.124781
0.209135
0.144499
0.12953
0.187797
0.207675
0.135377
0.149359
0.234927
0.152722
0.143649
0.121755
0.145903
0.153658
0.152986
0.19262
0.141562
0.140687
0.125585
0.157486
0.106012
0.124535
0.1399
0.216431
0.118476
0.127039
0.156577
0.195439
0.152324
0.184954
0.182806
0.202504
0.148592
0.17454
0.177443
0.157279
0.233335
0.176705
0.179983
0.146716
0.158769
0.15711
0.0948691
0.143872
0.116077
0.111166
0.200638
0.200776
0.197607
0.169355
0.164507
0.180561
0.16617
0.177359
0.136005
0.211043
0.12416
0.17706
0.156091
0.157846
0.119999
0.15611
0.11882
0.249032
0.165352
0.12325
0.127832
0.176374
0.110499
0.133286
0.109936
0.172179
0.215771
0.160599
0.0924411
0.189943
0.145617
0.11984
0.148866
0.129779
0.104261
0.186376
0.182912
0.155258
0.149994
0.209673
0.189603
0.124287
0.205216
0.096462
0.219116
0.171891
0.141701
0.0978426
0.122593
0.125984
0.132316
0.163257
0.117373
0.144075
0.182277
0.174213
0.197914
0.137853
0.197108
0.162057
0.174788
0.186969
0.12598
0.160738
0.150788
0.168084
0.132646
0.159484
0.162121
0.125222
0.233033
0.205952
0.155499
0.107761
0.151032
0.154822
0.156901
0.202017
0.148227
0.149456
0.123871
0.163198
0.122421
0.111859
0.25302
0.198459
0.188087
0.125998
0.194804
0.12351
0.11828
0.146396
0.134131
0.148461
0.203221
0.108443
0.135433
0.164096
0.140508
0.192266
0.243777
0.0796071
0.15074
0.103184
0.172646
0.107262
0.172107
0.130771
0.185475
0.14615
0.181536
0.157121
0.17514
0.224073
0.165676
0.237348
0.129522
0.178984
0.235376
0.132873
0.124309
0.133183
0.111808
0.11389
0.200061
0.225349
0.102228
0.135015
0.241328
0.236194
0.125696
0.101354
0.219038
0.107186
0.168464
0.175727
0.135518
0.158542
0.123893
0.135075
0.110125
0.125734
0.115752
0.141408
0.0973434
0.144339
0.128107
0.150141
0.164648
0.176571
0.15229
0.120741
0.120769
0.174865
0.0904753
0.122947
0.183107
0.148446
0.168444
0.119869
0.140726
0.168786
0.117714
0.170528
0.20956
0.102983
0.158096
0.166938
0.132215
0.19273
0.155431
0.115666
0.16043
0.189134
0.172892
0.102214
0.141138
0.177372
0.166987
0.139339
0.0989844
0.124901
0.117831
0.162665
0.125444
0.157448
0.163834
0.130684
0.159355
0.164434
0.139492
0.156436
0.103715
0.183261
0.149567
0.148378
0.154123
0.210644
0.113846
0.168505
0.118041
0.159901
0.192889
0.182379
0.221968
0.13279
0.130404
0.155043
0.142448
0.1496
0.209392
0.168469
0.196667
0.155799
0.120824
0.240076
0.144794
0.0925291
0.124548
0.129263
0.144856
0.132577
0.0862265
0.147192
0.153166
0.20864
0.151415
0.132396
0.160984
0.180994
0.130811
0.147915
0.149688
0.188217
0.136439
0.200501
0.181834
0.114698
0.201462
0.141062
0.244835
0.17883
0.1687
0.176145
0.151425
0.112475
0.138214
0.137852
0.221151
0.104738
0.135492
0.128501
0.133045
0.171858
0.142354
0.141693
0.181233
0.121434
0.13773
0.133112
0.166699
0.125822
0.0580665
0.171972
0.188224
0.166302
0.16753
0.148184
0.164211
0.173391
0.148978
0.207913
0.176105
0.21125
0.17031
0.158691
0.170654
0.131194
0.164161
0.102393
0.270493
0.186752
0.204743
0.253006
0.134481
0.189091
0.174307
0.127178
0.137639
0.154479
0.153786
0.13505
0.155592
0.144678
0.255408
0.158481
0.168948
0.167222
0.152086
0.162487
0.164847
0.164718
0.135016
0.136779
0.155648
0.199108
0.170242
0.202866
0.144489
0.157853
0.173275
0.155474
0.175095
0.128632
0.151303
0.235865
0.301418
0.205735
0.253067
0.151942
0.123134
0.162711
0.12804
0.134398
0.15829
0.197069
0.12421
0.1175
0.155088
0.180513
0.117556
0.196068
0.113806
0.136403
0.249543
0.222099
0.142768
0.154722
0.160623
0.233071
0.151464
0.116932
0.133624
0.228185
0.310764
0.291785
0.161563
0.178923
0.141336
0.156832
0.12545
0.173141
0.0834283
0.166692
0.204826
0.164779
0.117059
0.154375
0.136645
0.229263
0.152712
0.131685
0.132347
0.194072
0.193104
0.214288
0.105637
0.239467
0.163473
0.162499
0.222708
0.242046
0.160257
0.210189
0.200022
0.165873
0.215321
0.134088
0.148028
0.134884
0.175084
0.181638
0.142587
0.10906
0.190063
0.210522
0.103141
0.149883
0.145096
0.111186
0.156861
0.118208
0.171277
0.174525
0.135609
0.16102
0.127044
0.245014
0.202487
0.166036
0.128235
0.138636
0.101077
0.183814
0.138833
0.132225
0.113704
0.130675
0.207313
0.137559
0.23064
0.143063
0.166026
0.191415
0.134847
0.182953
0.14211
0.250352
0.213704
0.106108
0.172445
0.192115
0.109088
0.130003
0.111072
0.17525
0.179523
0.110493
0.155025
0.212982
0.151801
0.105001
0.222011
0.207289
0.129216
0.150763
0.124276
0.201904
0.170167
0.211885
0.143065
0.124083
0.185733
0.132888
0.178069
0.168046
0.153618
0.107737
0.198928
0.169901
0.191728
0.122567
0.101902
0.163137
0.143942
0.151217
0.179615
0.282779
0.199106
0.153045
0.151773
0.219525
0.189952
0.162807
0.219392
0.111812
0.145045
0.15153
0.194773
0.167374
0.0943696
0.227794
0.157886
0.101863
0.0944171
0.10939
0.116
0.113998
0.186412
0.171994
0.154853
0.164987
0.120943
0.0937699
0.203398
0.120135
0.132459
0.142258
0.181819
0.146963
0.234806
0.209747
0.256424
0.119658
0.112621
0.30947
0.164127
0.164565
0.171097
0.196322
0.113609
0.126174
0.198016
0.177797
0.171729
0.110989
0.187934
0.14683
0.197993
0.192191
0.118699
0.185891
0.127464
0.172109
0.161561
0.166208
0.193949
0.204246
0.160109
0.109435
0.212677
0.150399
0.186269
0.147995
0.1156
0.164166
0.165157
0.10009
0.18326
0.125901
0.106877
0.117742
0.241675
0.18435
0.152468
0.222511
0.197642
0.190818
0.167184
0.116624
0.178569
0.140916
0.157312
0.151025
0.217713
0.164252
0.215698
0.150399
0.106355
0.236732
0.142711
0.127661
0.148988
0.130276
0.161975
0.18108
0.155911
0.189216
0.106921
0.172379
0.166126
0.129416
0.14599
0.157888
0.237473
0.200631
0.104477
0.177574
0.117487
0.15071
0.128121
0.124186
0.0816509
0.125337
0.133219
0.124091
0.218704
0.123148
0.203721
0.208455
0.161419
0.149729
0.101246
0.117246
0.240764
0.157979
0.236582
0.104563
0.149955
0.23334
0.179435
0.13026
0.217335
0.132806
0.155585
0.119008
0.152758
0.133953
0.182946
0.140129
0.203399
0.179902
0.147367
0.138401
0.19325
0.128078
0.154677
0.204199
0.0957116
0.169979
0.148364
0.129701
0.226669
0.201215
0.155859
0.123678
0.113941
0.180481
0.158597
0.137533
0.18569
0.149401
0.142969
0.201059
0.0858219
0.132239
0.138789
0.137446
0.104598
0.136932
0.207667
0.168973
0.228948
0.213197
0.246061
0.113256
0.155016
0.217053
0.179277
0.200544
0.154749
0.147081
0.136043
0.0696134
0.163543
0.151853
0.22033
0.158222
0.219116
0.119842
0.199138
0.12471
0.201682
0.190179
0.230189
0.187255
0.21353
0.225035
0.113203
0.165452
0.20683
0.202431
0.120103
0.149338
0.186724
0.133756
0.109749
0.178662
0.136073
0.164028
0.280586
0.233652
0.0826011
0.196884
0.123232
0.110353
0.121098
0.0820521
0.168193
0.138485
0.187711
0.198881
0.139402
0.204878
0.187686
0.10203
0.124515
0.121219
0.139197
0.179728
0.167513
0.116026
0.186061
0.202443
0.115281
0.112928
0.171149
0.139939
0.129086
0.16998
0.260531
0.155206
0.0964541
0.119997
0.136047
0.1908
0.124516
0.080007
0.124929
0.124177
0.11986
0.189418
0.0998464
0.182347
0.177941
0.105759
0.182927
0.179323
0.198941
0.215097
0.152394
0.165473
0.140147
0.144292
0.133091
0.195334
0.128611
0.202481
0.135307
0.156931
0.152589
0.142017
0.197937
0.162506
0.175228
0.207305
0.154385
0.21779
0.132097
0.107619
0.146956
0.15241
0.0944994
0.130088
0.152641
0.143504
0.129975
0.168529
0.138022
0.194494
0.213913
0.14946
0.229395
0.165279
0.113338
0.125062
0.148598
0.164935
0.270701
0.182197
0.177455
0.181211
0.164698
0.148978
0.143444
0.137665
0.187887
0.157948
0.178355
0.093244
0.151592
0.128641
0.149881
0.141869
0.160058
0.176333
0.220281
0.0785871
0.227824
0.179195
0.0912473
0.110429
0.17957
0.151883
0.124202
0.132838
0.146394
0.138252
0.124994
0.143594
0.145968
0.178886
0.144643
0.169601
0.165264
0.11623
0.0782778
0.0770223
0.122524
0.211607
0.138014
0.129136
0.0847679
0.156962
0.115094
0.221986
0.10928
0.168457
0.121128
0.15868
0.106754
0.198077
0.16697
0.21534
0.17188
0.163504
0.188902
0.202172
0.169875
0.12361
0.175821
0.174461
0.154362
0.142156
0.171773
0.185103
0.120796
0.103352
0.226157
0.202198
0.152507
0.0943547
0.182753
0.214554
0.1626
0.147391
0.13641
0.199791
0.190706
0.185193
0.20594
0.173694
0.19857
0.144289
0.135313
0.205394
0.183926
0.139678
0.106435
0.166852
0.104795
0.141746
0.129446
0.112849
0.153732
0.125078
0.148863
0.190697
0.116658
0.14027
0.180011
0.0494162
0.167082
0.166491
0.0764255
0.167149
0.127754
0.111281
0.24576
0.156414
0.201724
0.137478
0.108425
0.158679
0.217186
0.102682
0.184847
0.184093
0.144438
0.155064
0.152544
0.112481
0.189796
0.151148
0.189345
0.196048
0.145932
0.171575
0.13063
0.157413
0.188627
0.174336
0.122421
0.170438
0.250636
0.197403
0.251118
0.262207
0.120846
0.157291
0.181898
0.159097
0.124755
0.214257
0.178344
0.151821
0.178701
0.141183
0.201694
0.171352
0.169653
0.128717
0.137176
0.142909
0.181512
0.117279
0.0911524
0.109467
0.139284
0.185085
0.21879
0.0927383
0.193045
0.154398
0.119256
0.172006
0.154417
0.127295
0.104969
0.118389
0.186378
0.155548
0.139148
0.218963
0.152655
0.23575
0.0995634
0.193097
0.150616
0.133926
0.223036
0.209979
0.238809
0.22187
0.118045
0.121986
0.145431
0.180055
0.125457
0.116002
0.102104
0.188277
0.161238
0.106442
0.162831
0.174856
0.156956
0.123054
0.148929
0.142694
0.157433
0.154069
0.137118
0.186959
0.177445
0.133895
0.178449
0.167515
0.160355
0.239955
0.117982
0.256517
0.156677
0.148431
0.11054
0.190718
0.136385
0.143397
0.221133
0.13154
0.175582
0.204609
0.158229
0.317115
0.138426
0.16935
0.187878
0.160541
0.178784
0.132728
0.16323
0.107025
0.143601
0.101252
0.171283
0.157852
0.157117
0.233341
0.201504
0.139686
0.130222
0.103421
0.122065
0.138795
0.134646
0.138007
0.142975
0.215744
0.178068
0.176312
0.144473
0.126777
0.102746
0.137943
0.13814
0.196672
0.149867
0.212531
0.118021
0.133622
0.130589
0.130161
0.126138
0.131593
0.186469
0.168337
0.181299
0.159871
0.199732
0.126026
0.112148
0.193948
0.0528496
0.104365
0.155219
0.127094
0.0968007
0.119436
0.168497
0.107618
0.171959
0.202656
0.214218
0.142607
0.141653
0.181959
0.0691168
0.190928
0.153034
0.111756
0.219199
0.191563
0.128339
0.154043
0.122923
0.157968
0.200438
0.234223
0.219466
0.123303
0.151302
0.180174
0.119103
0.137839
0.13423
0.0827898
0.23582
0.181024
0.183746
0.179237
0.116542
0.132655
0.170601
0.118103
0.190933
0.156107
0.15979
0.191286
0.176375
0.121082
0.125345
0.106521
0.144457
0.210214
0.147986
0.176105
0.213341
0.130227
0.126575
0.111277
0.142792
0.0805185
0.135689
0.0964687
0.132476
0.134776
0.212841
0.115645
0.174384
0.171189
0.151498
0.147815
0.120496
0.138388
0.152297
0.113712
0.0942545
0.19843
0.164129
0.179562
0.115548
0.116736
0.124488
0.11131
0.0819218
0.101158
0.119172
0.177205
0.13239
0.182435
0.119824
0.201805
0.123165
0.139014
0.16294
0.179338
0.130185
0.172575
0.169342
0.233921
0.13616
0.129376
0.145154
0.206284
0.110395
0.15977
0.210421
0.162432
0.130397
0.184963
0.160147
0.138022
0.11044
0.168068
0.20526
0.104545
0.13133
0.100298
0.163714
0.172863
0.146785
0.14666
0.145939
0.136539
0.133189
0.247675
0.138232
0.087535
0.104361
0.206812
0.196323
0.136464
0.130444
0.156359
0.158177
0.130879
0.217237
0.152273
0.128953
0.105889
0.157528
0.173328
0.132112
0.138004
0.118575
0.156414
0.120189
0.13466
0.170936
0.128439
0.133201
0.126606
0.192098
0.129847
0.105596
0.14729
0.154243
0.207068
0.155364
0.127376
0.136668
0.150596
0.15584
0.216255
0.0850125
0.123417
0.163037
0.169303
0.205736
0.134435
0.145211
0.0829588
0.125266
0.157511
0.159329
0.115126
0.139342
0.202565
0.170248
0.17788
0.181211
0.224825
0.150271
0.147701
0.113135
0.199923
0.196764
0.189983
0.119691
0.138734
0.136613
0.219275
0.207274
0.189735
0.182043
0.0720025
0.154387
0.101306
0.178162
0.171549
0.135419
0.18158
0.198672
0.0999239
0.146076
0.169298
0.175097
0.0894126
0.139024
0.168971
0.174953
0.209993
0.172859
0.117698
0.0802183
0.200747
0.200618
0.158922
0.139447
0.203089
0.180632
0.143325
0.175455
0.0934715
0.183148
0.126849
0.149556
0.0972162
0.144166
0.207389
0.199016
0.0737244
0.188019
0.129339
0.216465
0.131256
0.145754
0.177097
0.142073
0.127925
0.185335
0.222844
0.224482
0.178025
0.186326
0.184135
0.179843
0.111567
0.181791
0.116447
0.149798
0.167294
0.138417
0.121344
0.201435
0.129371
0.236633
0.188285
0.118886
0.209969
0.173427
0.130728
0.159338
0.119689
0.113623
0.129882
0.0973802
0.102011
0.172801
0.209681
0.156498
0.166683
0.1445
0.157575
0.109604
0.148576
0.0741013
0.189534
0.157925
0.171756
0.200318
0.102346
0.15872
0.178287
0.226565
0.250405
0.185012
0.17518
0.190281
0.177266
0.106724
0.0855416
0.151762
0.157633
0.220072
0.150481
0.158277
0.103072
0.131931
0.205095
0.136757
0.13671
0.11716
0.13758
0.124849
0.142187
0.141572
0.126772
0.122382
0.213421
0.188636
0.188147
0.199135
0.250941
0.247436
0.135817
0.145456
0.137065
0.176374
0.158935
0.15983
0.129191
0.219627
0.203909
0.107197
0.14672
0.196822
0.175274
0.177341
0.174912
0.145907
0.119736
0.195176
0.121386
0.106866
0.177935
0.190068
0.202335
0.15425
0.237479
0.120938
0.115616
0.171132
0.1343
0.117872
0.187065
0.162211
0.141554
0.159076
0.272261
0.152918
0.129286
0.179365
0.175124
0.119352
0.179972
0.137182
0.155538
0.156624
0.135973
0.17782
0.106085
0.133318
0.184885
0.179263
0.122439
0.187413
0.112489
0.121907
0.110632
0.154897
0.144797
0.170105
0.127924
0.169188
0.157585
0.128676
0.102687
0.191563
0.136339
0.100917
0.158117
0.12899
0.144083
0.13181
0.0928693
0.139198
0.204146
0.140401
0.173939
0.131126
0.0962654
0.193087
0.130725
0.11481
0.175141
0.191466
0.222084
0.17637
0.243912
0.204864
0.108975
0.246328
0.176679
0.137208
0.192012
0.167649
0.212162
0.115247
0.120357
0.202748
0.152036
0.165557
0.122696
0.0973887
0.201797
0.177888
0.154441
0.145935
0.146811
0.136984
0.156869
0.131806
0.128985
0.261051
0.141129
0.113061
0.128983
0.234944
0.149995
0.169609
0.189893
0.133057
0.160743
0.157516
0.204535
0.146408
0.15616
0.160993
0.13034
0.118953
0.178141
0.135657
0.167053
0.146542
0.130944
0.160558
0.216184
0.125405
0.127606
0.162936
0.191366
0.132663
0.119524
0.134216
0.126022
0.105649
0.18613
0.15855
0.109883
0.176171
0.115873
0.16602
0.148739
0.167252
0.0946037
0.11731
0.113733
0.185815
0.136917
0.147046
0.174497
0.187061
0.215657
0.124433
0.0976549
0.258148
0.132636
0.220938
0.188736
0.164935
0.121723
0.16979
0.203296
0.119979
0.132635
0.175501
0.13582
0.134566
0.185508
0.143492
0.17758
0.109062
0.171621
0.150671
0.108102
0.224549
0.162317
0.147862
0.10053
0.18807
0.102497
0.141651
0.123616
0.175779
0.178412
0.141652
0.129888
0.169373
0.120924
0.249229
0.219464
0.155296
0.138682
0.119509
0.191879
0.143352
0.190502
0.246357
0.146038
0.149633
0.1451
0.0939311
0.132703
0.203747
0.20726
0.196497
0.154873
0.176696
0.151573
0.1729
0.124596
0.176627
0.189886
0.19907
0.124055
0.138378
0.285081
0.181114
0.0959263
0.132521
0.160469
0.116573
0.189477
0.102761
0.109684
0.12265
0.0830326
0.176464
0.135091
0.159112
0.0954254
0.160327
0.166423
0.173262
0.144263
0.0949756
0.134786
0.177259
0.152419
0.135909
0.228587
0.172033
0.181301
0.17865
0.126962
0.161276
0.133994
0.183065
0.236815
0.19432
0.108118
0.130863
0.118673
0.129314
0.223936
0.164859
0.124609
0.137579
0.124741
0.132963
0.197321
0.1115
0.125936
0.144938
0.25048
0.180323
0.184355
0.147011
0.135422
0.16866
0.14465
0.169819
0.138569
0.153239
0.11193
0.123094
0.105499
0.152282
0.221396
0.107367
0.161297
0.194745
0.14879
0.0936385
0.144189
0.092593
0.116068
0.179305
0.192266
0.160303
0.198841
0.221873
0.0886402
0.12962
0.117841
0.134815
0.174283
0.136358
0.10378
0.196109
0.190607
0.125169
0.165401
0.212634
0.118432
0.153661
0.139534
0.125717
0.164596
0.179561
0.197348
0.187193
0.16545
0.184131
0.131268
0.173076
0.200089
0.190066
0.173477
0.170865
0.182774
0.142441
0.163514
0.199141
0.157317
0.148994
0.178418
0.15033
0.106851
0.151853
0.174586
0.128848
0.171385
0.142447
0.178566
0.175566
0.17939
0.159522
0.177653
0.146731
0.137601
0.156808
0.150068
0.176744
0.151041
0.184551
0.170539
0.230897
0.177549
0.133846
0.20096
0.157892
0.178481
0.199352
0.142428
0.169676
0.144093
0.168955
0.194597
0.122141
0.142031
0.0959255
0.172947
0.140566
0.223362
0.201263
0.154423
0.127872
0.16603
0.0930501
0.145453
0.129109
0.190052
0.133505
0.13143
0.218047
0.166723
0.205454
0.119477
0.116544
0.275215
0.143323
0.134874
0.174263
0.116021
0.249502
0.184378
0.165158
0.156157
0.157795
0.156975
0.171898
0.14865
0.159095
0.154119
0.11865
0.130762
0.129801
0.132898
0.136489
0.197728
0.13572
0.119182
0.0801168
0.151654
0.172412
0.158662
0.198577
0.165978
0.105359
0.13244
0.125696
0.123738
0.193786
0.148602
0.101255
0.204226
0.0974744
0.169737
0.189257
0.176419
0.199265
0.186816
0.180906
0.139315
0.129907
0.0829799
0.153566
0.209278
0.161867
0.187423
0.172259
0.210057
0.143912
0.177864
0.123205
0.208053
0.186123
0.202214
0.272021
0.175064
0.214607
0.241377
0.204647
0.113039
0.168982
0.232522
0.172223
0.127995
0.170778
0.116534
0.167641
0.127078
0.131408
0.17684
0.155257
0.127167
0.142772
0.150391
0.191078
0.193009
0.155795
0.109079
0.147621
0.152296
0.11722
0.124784
0.125714
0.148497
0.154092
0.0987835
0.0991574
0.1622
0.124948
0.247069
0.138857
0.109262
0.143939
0.122494
0.110727
0.0931848
0.148194
0.114198
0.165826
0.0906473
0.128173
0.15253
0.18161
0.120396
0.154405
0.119647
0.155885
0.168619
0.150636
0.163516
0.140334
0.123074
0.216667
0.16685
0.109479
0.118586
0.175032
0.120629
0.191209
0.196869
0.202237
0.212395
0.1498
0.123004
0.213406
0.111409
0.110503
0.105579
0.183949
0.142055
0.10754
0.150063
0.192827
0.199811
0.136374
0.108665
0.0817429
0.128446
0.109481
0.156143
0.112229
0.148408
0.20682
0.218185
0.101981
0.150867
0.237078
0.235134
0.0836272
0.201667
0.125377
0.193561
0.121347
0.168773
0.109503
0.109353
0.143518
0.137555
0.120574
0.175772
0.22921
0.170538
0.177173
0.17656
0.199269
0.093756
0.153077
0.218218
0.187909
0.166969
0.125115
0.14668
0.0831566
0.146452
0.131409
0.18217
0.123036
0.179671
0.239839
0.0895558
0.203764
0.12794
0.155841
0.11956
0.191015
0.148454
0.121789
0.138441
0.131436
0.224824
0.144446
0.219805
0.107266
0.118227
0.207571
0.164124
0.199037
0.102776
0.208448
0.191765
0.099137
0.220543
0.14969
0.0763296
0.199738
0.116023
0.157204
0.172053
0.0848016
0.113095
0.215716
0.139444
0.107804
0.17721
0.161221
0.175207
0.143655
0.223393
0.110471
0.200927
0.186838
0.0994976
0.121319
0.155572
0.140219
0.11975
0.207249
0.14336
0.1655
0.223491
0.203094
0.129699
0.17771
0.0838903
0.117627
0.131083
0.174409
0.135841
0.142754
0.10574
0.119048
0.126515
0.089769
0.167932
0.113274
0.14054
0.135323
0.153926
0.174477
0.204837
0.139857
0.130347
0.1928
0.153155
0.167098
0.135343
0.10746
0.145689
0.139806
0.102221
0.123048
0.177526
0.124909
0.151669
0.120947
0.194781
0.161869
0.161151
0.121739
0.122782
0.244183
0.0918011
0.268047
0.152074
0.129683
0.188517
0.12727
0.151968
0.164718
0.158698
0.134834
0.230665
0.116631
0.213749
0.149051
0.146348
0.140366
0.154675
0.186383
0.17733
0.129855
0.212154
0.164677
0.173292
0.142758
0.16962
0.179473
0.139733
0.140021
0.13365
0.0760912
0.198
0.161409
0.10457
0.133136
0.155987
0.145245
0.141596
0.126797
0.11866
0.132083
0.156642
0.160745
0.146252
0.170712
0.129677
0.164321
0.108785
0.202309
0.121025
0.179395
0.142494
0.228544
0.17586
0.172428
0.157358
0.133998
0.115733
0.161424
0.15028
0.129095
0.148347
0.138775
0.158869
0.272883
0.207737
0.126678
0.184829
0.175598
0.159868
0.108897
0.127407
0.127349
0.139447
0.212713
0.164693
0.170109
0.136095
0.137183
0.163584
0.146648
0.166028
0.189292
0.114559
0.145882
0.101611
0.136364
0.115888
0.111338
0.127696
0.125027
0.17038
0.0961381
0.125106
0.145534
0.107141
0.171546
0.124854
0.138011
0.175766
0.16179
0.14724
0.0985294
0.121325
0.118494
0.160273
0.0939853
0.171555
0.176852
0.138814
0.148792
0.151797
0.140674
0.150416
0.196714
0.165663
0.0918315
0.163517
0.121413
0.167442
0.154064
0.147005
0.130307
0.116659
0.113585
0.168546
0.150295
0.14821
0.135268
0.128044
0.141922
0.237897
0.103021
0.143548
0.137012
0.137281
0.134408
0.147977
0.136657
0.143811
0.172614
0.125563
0.105538
0.16192
0.138846
0.127571
0.183432
0.114341
0.120381
0.163658
0.124325
0.230927
0.130012
0.136697
0.087059
0.0968443
0.0643186
0.111047
0.0974631
0.078591
0.148499
0.215641
0.124505
0.125516
0.171091
0.164706
0.136958
0.121319
0.0956654
0.144946
0.137402
0.133462
0.129676
0.118371
0.0959347
0.126743
0.0898638
0.111866
0.151199
0.146261
0.179123
0.107051
0.132087
0.109805
0.137903
0.13012
0.12279
0.203683
0.145604
0.135892
0.123946
0.140106
0.128423
0.149045
0.161131
0.0956286
0.0879603
0.0813313
0.16988
0.127841
0.132616
0.123097
0.130966
0.167177
0.152919
0.115676
0.210165
0.149455
0.183364
0.157625
0.217266
0.193749
0.096519
0.158073
0.172399
0.130224
0.160174
0.149069
0.121296
0.123902
0.183575
0.164145
0.15818
0.1802
0.166724
0.115596
0.155169
0.110166
0.100261
0.157674
0.228972
0.161951
0.164807
0.12981
0.145965
0.154896
0.116774
0.113857
0.122674
0.0872488
0.091071
0.159115
0.163944
0.183402
0.100032
0.156287
0.111101
0.148787
0.190507
0.131129
0.126949
0.104655
0.155567
0.121177
0.155633
0.210011
0.161016
0.123255
0.137666
0.0808939
0.212143
0.131979
0.155211
0.0936295
0.150087
0.189161
0.098967
0.24818
0.154206
0.137694
0.189526
0.132403
0.181881
0.19243
0.236943
0.133261
0.179715
0.16712
0.206811
0.186371
0.1458
0.176174
0.138174
0.110596
0.152387
0.172146
0.114724
0.155984
0.169604
0.112822
0.109827
0.17123
0.127505
0.149727
0.111282
0.122599
0.123085
0.159425
0.147246
0.126439
0.129992
0.145818
0.156642
0.156274
0.149191
0.140067
0.151725
0.112124
0.149603
0.214927
0.193173
0.221072
0.145313
0.121827
0.179801
0.15803
0.184925
0.157106
0.158546
0.1104
0.149042
0.185816
0.158662
0.138295
0.109904
0.171277
0.187558
0.152322
0.12777
0.197403
0.234673
0.118275
0.149224
0.0991298
0.232836
0.201927
0.122918
0.199296
0.130097
0.192647
0.167164
0.11564
0.109867
0.209668
0.147347
0.0738052
0.158311
0.110729
0.243145
0.136564
0.160245
0.146649
0.155915
0.142704
0.199211
0.158073
0.182792
0.150611
0.131566
0.136018
0.131139
0.147929
0.136422
0.151736
0.192619
0.0574057
0.191884
0.18586
0.116168
0.139705
0.205407
0.118145
0.164994
0.174533
0.120932
0.15308
0.0791595
0.154785
0.21184
0.16847
0.148716
0.154293
0.0761279
0.129168
0.214801
0.156841
0.136688
0.0956772
0.181869
0.175368
0.122311
0.136482
0.167425
0.207824
0.186213
0.138812
0.173077
0.0973879
0.171769
0.184964
0.174894
0.188322
0.183046
0.110504
0.0948136
0.179864
0.106292
0.129874
0.0795363
0.204459
0.265225
0.1387
0.14078
0.15388
0.140423
0.221227
0.115947
0.199925
0.159466
0.11849
0.157014
0.232664
0.109343
0.108816
0.197922
0.158582
0.0932605
0.24997
0.158939
0.161489
0.163783
0.102275
0.125119
0.155636
0.126546
0.161279
0.139524
0.168408
0.169902
0.197255
0.16207
0.15311
0.115046
0.146489
0.137438
0.146695
0.225918
0.0831467
0.151112
0.0986451
0.175041
0.140176
0.157498
0.0696961
0.157403
0.205489
0.125268
0.152324
0.139607
0.197506
0.218575
0.135194
0.122679
0.196009
0.128091
0.166877
0.19152
0.174087
0.162329
0.152262
0.185415
0.157024
0.0936195
0.0910794
0.159107
0.110961
0.111063
0.202491
0.134453
0.121547
0.199079
0.155381
0.18664
0.213166
0.118716
0.101043
0.168407
0.130401
0.0877296
0.0997173
0.129893
0.175775
0.110388
0.172709
0.1119
0.109138
0.197859
0.160264
0.168216
0.161562
0.175313
0.115376
0.152008
0.162987
0.230462
0.16894
0.117477
0.160101
0.130553
0.15339
0.162557
0.166188
0.160569
0.117553
0.117658
0.148307
0.179349
0.171735
0.154043
0.155981
0.130598
0.116558
0.159979
0.123733
0.105777
0.183958
0.104516
0.162791
0.157121
0.169014
0.145354
0.125154
0.17515
0.173284
0.147671
0.167576
0.160836
0.15531
0.151916
0.11534
0.165857
0.16485
0.102008
0.1765
0.190974
0.197445
0.129138
0.165304
0.141201
0.198246
0.119979
0.0628292
0.0941246
0.140453
0.161488
0.162675
0.158937
0.164005
0.108742
0.119333
0.0855174
0.132188
0.0913027
0.098558
0.119171
0.157961
0.165048
0.15206
0.12354
0.150337
0.102118
0.194386
0.114477
0.148001
0.158611
0.137146
0.182572
0.217547
0.164517
0.130277
0.116187
0.1545
0.180658
0.135463
0.139591
0.127813
0.177898
0.162586
0.0596358
0.123352
0.160684
0.186445
0.170357
0.177956
0.0699308
0.166041
0.162515
0.111851
0.145191
0.179817
0.221632
0.137147
0.156742
0.139941
0.128277
0.122608
0.157914
0.181347
0.18491
0.177795
0.205653
0.157177
0.13334
0.181694
0.155961
0.112489
0.152677
0.106373
0.136321
0.167165
0.0966753
0.113731
0.149724
0.176608
0.165554
0.203674
0.15671
0.17208
0.116543
0.277231
0.143289
0.199396
0.120511
0.152726
0.129738
0.188006
0.136959
0.142738
0.120425
0.144924
0.192248
0.169797
0.103375
0.163231
0.180803
0.132989
0.252302
0.133498
0.108002
0.142899
0.122272
0.186305
0.179289
0.203952
0.15449
0.150576
0.174548
0.0958668
0.181
0.18665
0.167463
0.194515
0.148059
0.127196
0.160797
0.185556
0.147708
0.136948
0.124618
0.158378
0.114792
0.173848
0.172122
0.117446
0.140188
0.117896
0.18421
0.211661
0.159719
0.130125
0.142096
0.208255
0.169894
0.194005
0.2485
0.223131
0.280027
0.109094
0.116984
0.127685
0.181077
0.178946
0.144062
0.157023
0.158869
0.109127
0.138504
0.106843
0.180526
0.142459
0.123173
0.0703947
0.210715
0.1071
0.19154
0.167068
0.0999264
0.161506
0.111845
0.143177
0.123349
0.174873
0.116254
0.130667
0.132678
0.173253
0.12504
0.164749
0.180366
0.165672
0.200466
0.134066
0.125871
0.16273
0.135422
0.168252
0.144267
0.155785
0.128501
0.196435
0.188966
0.138037
0.202748
0.169581
0.211446
0.242134
0.265449
0.185238
0.147033
0.17209
0.0843966
0.280531
0.154006
0.14965
0.144356
0.161889
0.166916
0.196431
0.210913
0.161378
0.142929
0.23462
0.145741
0.13561
0.161694
0.213713
0.0948488
0.196675
0.113464
0.172207
0.109873
0.119857
0.214245
0.211552
0.14908
0.184397
0.203429
0.115654
0.17084
0.114137
0.176507
0.12436
0.114781
0.13237
0.191101
0.104398
0.221964
0.097427
0.142172
0.13543
0.107655
0.163368
0.142488
0.180509
0.176479
0.142023
0.219311
0.141918
0.131702
0.136327
0.148613
0.154578
0.137483
0.125725
0.117801
0.181487
0.166185
0.126121
0.17593
0.197186
0.14918
0.170968
0.0840923
0.146703
0.146134
0.186524
0.188652
0.146468
0.149227
0.156002
0.217045
0.183883
0.0966636
0.162008
0.192758
0.11075
0.116238
0.120196
0.11515
0.18494
0.11323
0.162726
0.110672
0.14344
0.164128
0.0873884
0.198533
0.125258
0.167156
0.166449
0.116242
0.133488
0.159442
0.155883
0.12931
0.141546
0.161569
0.162206
0.149206
0.0740208
0.163578
0.318239
0.159032
0.248261
0.185836
0.124258
0.143521
0.105924
0.17428
0.0913727
0.187817
0.130658
0.223562
0.131933
0.112194
0.132522
0.164679
0.104428
0.106121
0.179665
0.199605
0.180021
0.208743
0.127931
0.185383
0.146192
0.164463
0.105475
0.128063
0.195553
0.105566
0.222995
0.0773623
0.12142
0.207527
0.157081
0.1611
0.0826848
0.14219
0.117524
0.112256
0.132863
0.187293
0.149651
0.134956
0.135437
0.145139
0.100885
0.183034
0.193387
0.160186
0.228584
0.164671
0.153661
0.143444
0.179107
0.151834
0.163208
0.129425
0.106936
0.165519
0.202797
0.11917
0.175512
0.126933
0.156326
0.172286
0.180619
0.157196
0.16164
0.200652
0.188134
0.192993
0.185484
0.200871
0.222034
0.117188
0.127738
0.149261
0.220825
0.116662
0.10068
0.10884
0.195276
0.19024
0.160184
0.135405
0.15385
0.160223
0.212272
0.109788
0.168489
0.170055
0.168777
0.148796
0.142982
0.157294
0.136392
0.180739
0.244608
0.151831
0.116901
0.157076
0.0832231
0.125155
0.100151
0.170084
0.125361
0.243007
0.118293
0.164825
0.138887
0.16114
0.0912237
0.126235
0.160146
0.172054
0.170193
0.108299
0.117919
0.170645
0.132156
0.101611
0.167828
0.171586
0.129366
0.155841
0.150941
0.158919
0.16612
0.11053
0.133327
0.114401
0.176643
0.173486
0.0816497
0.159733
0.127565
0.0668169
0.170909
0.196656
0.100096
0.230168
0.119242
0.174149
0.186078
0.176983
0.196016
0.110207
0.168968
0.174535
0.199584
0.247313
0.130169
0.172389
0.128377
0.1531
0.133532
0.136113
0.174633
0.162873
0.231448
0.18102
0.181404
0.187366
0.188231
0.176036
0.206507
0.15022
0.130186
0.119458
0.141198
0.192522
0.205667
0.1381
0.131086
0.15933
0.103195
0.140236
0.142854
0.171815
0.166337
0.188308
0.156047
0.207044
0.116334
0.136017
0.0620326
0.22204
0.152805
0.128632
0.156366
0.129073
0.126008
0.0765437
0.129828
0.171775
0.132316
0.156243
0.151658
0.155585
0.129765
0.120405
0.132257
0.158633
0.163531
0.0991602
0.176951
0.177085
0.103739
0.112362
0.161294
0.231358
0.169847
0.205453
0.147347
0.164045
0.205276
0.130207
0.217038
0.108334
0.131383
0.0950923
0.157897
0.150668
0.0957743
0.15727
0.179067
0.146246
0.136313
0.193553
0.152654
0.119476
0.121312
0.162917
0.130594
0.157796
0.123143
0.233596
0.111342
0.109248
0.165775
0.167217
0.150748
0.185954
0.142934
0.133027
0.171105
0.0995118
0.185217
0.194111
0.149849
0.132206
0.175794
0.10358
0.0895246
0.138406
0.157746
0.174526
0.22036
0.122844
0.230617
0.188835
0.205018
0.15844
0.15301
0.171297
0.176124
0.139741
0.154105
0.173043
0.275777
0.134768
0.183996
0.136508
0.219181
0.196189
0.184222
0.131119
0.130745
0.126583
0.134209
0.120627
0.125339
0.13313
0.154666
0.114824
0.234537
0.1802
0.156119
0.126671
0.125574
0.18867
0.103189
0.179781
0.213678
0.162428
0.16118
0.183526
0.0964158
0.106009
0.105491
0.169851
0.166192
0.162207
0.212005
0.176779
0.201368
0.181708
0.099791
0.107679
0.177237
0.126927
0.146021
0.117105
0.12248
0.175182
0.0914462
0.194186
0.115514
0.132455
0.196497
0.0966113
0.133382
0.118155
0.11006
0.147125
0.12631
0.180067
0.136105
0.230754
0.112795
0.144686
0.157257
0.130633
0.215856
0.147566
0.187208
0.192179
0.139299
0.191901
0.127819
0.163311
0.16998
0.140864
0.195673
0.272434
0.178058
0.188454
0.159831
0.179256
0.150042
0.216665
0.0697313
0.180984
0.110131
0.150404
0.121284
0.166704
0.166519
0.183799
0.125289
0.176316
0.204604
0.180952
0.106942
0.192865
0.0984191
0.167195
0.198123
0.129921
0.173952
0.159075
0.168819
0.178598
0.141973
0.146205
0.120302
0.0935517
0.132568
0.11178
0.149869
0.123815
0.121562
0.180837
0.120636
0.134076
0.113051
0.135913
0.109525
0.126771
0.142418
0.20045
0.167188
0.112822
0.132181
0.134055
0.159669
0.19818
0.245881
0.239738
0.175012
0.17926
0.141186
0.176848
0.0909924
0.229094
0.186819
0.141992
0.144179
0.175295
0.20074
0.138977
0.129085
0.168616
0.202346
0.125046
0.186765
0.139621
0.115703
0.135679
0.245534
0.150263
0.202258
0.113477
0.176259
0.131108
0.217776
0.232767
0.147501
0.1895
0.183389
0.109495
0.201832
0.203411
0.13912
0.109951
0.140496
0.193792
0.122741
0.213528
0.171382
0.173773
0.206045
0.185405
0.137186
0.128974
0.0838027
0.159838
0.103922
0.204816
0.13718
0.147319
0.163565
0.166851
0.211191
0.18239
0.177749
0.173278
0.136776
0.117841
0.118738
0.201335
0.127117
0.12471
0.166296
0.0786355
0.206355
0.171427
0.148676
0.123356
0.133318
0.19446
0.209038
0.135983
0.175604
0.175194
0.24329
0.137735
0.159319
0.127536
0.147426
0.130287
0.130679
0.20873
0.139882
0.176899
0.119943
0.134212
0.17112
0.111908
0.14953
0.12416
0.230118
0.236238
0.120377
0.204318
0.150237
0.176164
0.204492
0.206476
0.135304
0.0878937
0.149668
0.184947
0.199099
0.157856
0.180328
0.0844886
0.143837
0.164087
0.0949975
0.122899
0.2136
0.194052
0.219816
0.12291
0.150444
0.196715
0.16853
0.132849
0.159753
0.188446
0.124472
0.177043
0.0806939
0.126232
0.205914
0.173886
0.222286
0.130788
0.155723
0.158933
0.241326
0.16016
0.140493
0.178883
0.161815
0.130495
0.187757
0.147678
0.179126
0.146261
0.139707
0.21848
0.245328
0.153272
0.153469
0.155855
0.142243
0.187476
0.215943
0.146594
0.142298
0.169736
0.201897
0.176136
0.191054
0.172069
0.214594
0.127545
0.180554
0.0999905
0.129209
0.109725
0.18096
0.124549
0.140297
0.181252
0.152083
0.108621
0.164354
0.0918791
0.131241
0.181909
0.183461
0.133432
0.205777
0.133935
0.166817
0.183481
0.189783
0.115624
0.119374
0.173098
0.159562
0.104452
0.271148
0.144455
0.208367
0.19759
0.229437
0.133632
0.168037
0.195101
0.164602
0.194739
0.182832
0.141057
0.130525
0.141711
0.178096
0.173908
0.18684
0.159896
0.148781
0.174262
0.11286
0.219145
0.0985067
0.144886
0.152893
0.149504
0.208518
0.253129
0.189312
0.129575
0.13432
0.172078
0.193875
0.244765
0.145211
0.242498
0.189628
0.191435
0.118612
0.147125
0.205239
0.12282
0.121539
0.152792
0.109957
0.199879
0.145316
0.121514
0.120125
0.125441
0.138094
0.183219
0.166617
0.216489
0.189879
0.114157
0.222596
0.158563
0.14602
0.131002
0.124151
0.0919912
0.131922
0.152988
0.150922
0.151663
0.149691
0.148419
0.155195
0.200337
0.145255
0.163249
0.166637
0.19774
0.149912
0.104968
0.148962
0.100158
0.11619
0.191473
0.1391
0.245455
0.138062
0.171721
0.117136
0.135065
0.144828
0.165276
0.138502
0.24303
0.184687
0.135818
0.203728
0.103999
0.154109
0.153226
0.199633
0.167551
0.150678
0.156322
0.122323
0.173287
0.160345
0.174493
0.193022
0.201924
0.150961
0.201634
0.221024
0.120092
0.137121
0.21364
0.241603
0.142684
0.127908
0.103587
0.148981
0.118906
0.1878
0.108209
0.18127
0.145416
0.172088
0.231855
0.126167
0.136675
0.173981
0.173999
0.120015
0.172091
0.15451
0.200334
0.170532
0.145711
0.114498
0.108858
0.191285
0.185096
0.119593
0.241633
0.260172
0.159994
0.125879
0.181863
0.107106
0.152296
0.186119
0.248231
0.159245
0.13663
0.19427
0.100859
0.17225
0.161102
0.178967
0.201058
0.155141
0.108092
0.19648
0.196091
0.1546
0.156324
0.165628
0.0968841
0.140484
0.170589
0.12248
0.156777
0.222698
0.189838
0.192596
0.187981
0.166558
0.231223
0.193174
0.202621
0.113708
0.122246
0.148765
0.143306
0.170107
0.150387
0.123608
0.209112
0.186287
0.138731
0.102733
0.203891
0.183963
0.178711
0.176778
0.181986
0.219112
0.110845
0.218717
0.141301
0.180318
0.162974
0.15499
0.178139
0.118174
0.176785
0.179057
0.16647
0.153069
0.163047
0.126309
0.180174
0.0879201
0.160339
0.108212
0.123829
0.162669
0.205599
0.175585
0.18448
0.122348
0.144758
0.221153
0.265532
0.1725
0.152866
0.178999
0.206336
0.16314
0.168266
0.154579
0.185382
0.0954286
0.153149
0.190826
0.253047
0.109219
0.0870308
0.140877
0.164496
0.196972
0.17723
0.213044
0.216915
0.188162
0.194547
0.155603
0.199453
0.112136
0.175068
0.134267
0.106152
0.17368
0.204182
0.116355
0.112167
0.174795
0.196844
0.159184
0.130129
0.162428
0.197742
0.168119
0.131666
0.106491
0.117078
0.158083
0.179379
0.154119
0.151416
0.15164
0.0979646
0.132
0.175786
0.226727
0.200387
0.147725
0.261478
0.171989
0.210191
0.137673
0.167005
0.178291
0.144054
0.146396
0.122181
0.161058
0.163301
0.160756
0.142672
0.214869
0.16117
0.139622
0.190961
0.154299
0.149802
0.163204
0.169837
0.189193
0.115546
0.18207
0.21599
0.174116
0.113205
0.150099
0.182598
0.214921
0.163382
0.162173
0.128153
0.140054
0.164192
0.200393
0.160677
0.161632
0.118027
0.144335
0.125941
0.141033
0.158171
0.217404
0.182805
0.161008
0.108617
0.0885213
0.173811
0.138186
0.117312
0.175125
0.190817
0.146667
0.135996
0.134645
0.200554
0.214132
0.143753
0.110923
0.126564
0.170794
0.0799767
0.168382
0.165179
0.186133
0.18248
0.150568
0.172621
0.173049
0.165969
0.219028
0.131929
0.134578
0.155833
0.11821
0.124411
0.212339
0.239225
0.178925
0.159913
0.165031
0.177475
0.198286
0.114632
0.176393
0.143919
0.114525
0.153566
0.175527
0.144844
0.16947
0.116486
0.137608
0.17269
0.132418
0.147137
0.130821
0.146626
0.203765
0.176339
0.12806
0.0972333
0.122605
0.137065
0.159823
0.124972
0.147763
0.148476
0.2413
0.255461
0.106503
0.193488
0.177646
0.19675
0.181218
0.12888
0.279404
0.143753
0.184436
0.14075
0.130439
0.19279
0.272052
0.141387
0.137661
0.147906
0.176225
0.166732
0.122026
0.127194
0.165233
0.149819
0.143922
0.14419
0.148177
0.222951
0.141077
0.133436
0.150446
0.201545
0.223928
0.156814
0.204618
0.176529
0.175202
0.0731204
0.118253
0.147547
0.151825
0.115654
0.199292
0.210249
0.200253
0.166995
0.129544
0.189861
0.231385
0.201594
0.177671
0.163455
0.191203
0.157997
0.163748
0.131373
0.142315
0.154277
0.200306
0.16812
0.206767
0.125504
0.0964786
0.18992
0.164126
0.153413
0.106716
0.198361
0.125676
0.188329
0.15413
0.216539
0.142332
0.155239
0.165372
0.0640565
0.220627
0.195272
0.158953
0.140288
0.135044
0.135523
0.139125
0.161915
0.174482
0.223036
0.185382
0.22274
0.144248
0.186926
0.175925
0.132503
0.156651
0.179771
0.171985
0.210172
0.144844
0.197356
0.152491
0.193161
0.16505
0.154264
0.116432
0.231746
0.160042
0.114317
0.209224
0.148487
0.092887
0.184951
0.137391
0.0810838
0.186622
0.0895324
0.170194
0.196018
0.111392
0.225258
0.168124
0.14893
0.180698
0.161544
0.0999016
0.14682
0.221654
0.16592
0.124284
0.171127
0.172233
0.161123
0.224651
0.196652
0.204734
0.176379
0.130265
0.165386
0.139957
0.0942763
0.127279
0.106467
0.169126
0.146943
0.137491
0.167026
0.16396
0.112531
0.1777
0.138924
0.0972827
0.139517
0.12574
0.138488
0.158881
0.120312
0.226163
0.116248
0.13892
0.172726
0.120984
0.134642
0.120648
0.162291
0.125542
0.155756
0.22474
0.137974
0.170153
0.147684
0.214475
0.231617
0.183991
0.181296
0.17114
0.156718
0.160027
0.169725
0.163561
0.199916
0.146957
0.154527
0.248538
0.201075
0.184671
0.140062
0.102796
0.260141
0.140039
0.178817
0.169147
0.167461
0.121098
0.120781
0.155334
0.21082
0.131748
0.140647
0.12078
0.214063
0.200552
0.13992
0.163285
0.0818266
0.0734179
0.153594
0.182034
0.0887611
0.119451
0.219914
0.168617
0.152737
0.13349
0.15288
0.254925
0.162232
0.191487
0.149296
0.158219
0.130644
0.125505
0.169745
0.163221
0.119385
0.161001
0.133089
0.109837
0.191728
0.200947
0.132736
0.152285
0.160155
0.137049
0.11771
0.181998
0.136056
0.102484
0.0915114
0.104317
0.115928
0.174027
0.168916
0.133256
0.0900782
0.106898
0.181961
0.218892
0.204952
0.138587
0.112653
0.174757
0.163374
0.151057
0.167289
0.207843
0.144213
0.204461
0.182646
0.197448
0.115009
0.165259
0.153102
0.189454
0.200755
0.178279
0.180034
0.169874
0.203278
0.255688
0.169823
0.167498
0.164484
0.182318
0.163242
0.110791
0.172913
0.12917
0.158744
0.228626
0.154573
0.1596
0.182825
0.127361
0.219481
0.11722
0.196401
0.197288
0.192199
0.171781
0.0951617
0.190362
0.172748
0.106451
0.086423
0.0891474
0.158684
0.113044
0.12659
0.135628
0.136505
0.225462
0.110558
0.149803
0.191055
0.119987
0.231233
0.187792
0.139515
0.134634
0.182543
0.170332
0.198806
0.171867
0.133713
0.122574
0.0882126
0.139446
0.209255
0.192745
0.136719
0.175111
0.168224
0.17702
0.104003
0.171043
0.125579
0.13948
0.13583
0.0907269
0.114941
0.131078
0.126737
0.144237
0.158593
0.180993
0.156813
0.13794
0.0852775
0.0755304
0.170225
0.152922
0.174342
0.134513
0.145049
0.154135
0.174475
0.107742
0.152356
0.10712
0.174834
0.198611
0.123582
0.117081
0.209188
0.154464
0.117221
0.164716
0.123595
0.188929
0.224956
0.126024
0.121354
0.135228
0.125365
0.15473
0.109509
0.130578
0.109643
0.119213
0.128605
0.141519
0.24
0.177352
0.256502
0.185694
0.126451
0.155272
0.104736
0.123282
0.113977
0.10735
0.135719
0.170609
0.175336
0.141454
0.138912
0.253898
0.123958
0.155505
0.125826
0.157253
0.168135
0.180549
0.15574
0.177253
0.164294
0.136969
0.17458
0.137022
0.156413
0.135832
0.142268
0.23452
0.101339
0.16296
0.151014
0.134065
0.160374
0.146363
0.11913
0.194924
0.157477
0.146319
0.123837
0.158382
0.146314
0.196494
0.09001
0.124971
0.158113
0.140977
0.136585
0.200127
0.201836
0.107923
0.144805
0.25441
0.172973
0.121398
0.219294
0.130851
0.177381
0.164468
0.0833284
0.100802
0.125527
0.103791
0.107188
0.117046
0.155064
0.121033
0.175814
0.140704
0.122023
0.146323
0.162183
0.222703
0.119794
0.149552
0.127345
0.1654
0.236654
0.238676
0.112254
0.130189
0.168096
0.175781
0.15132
0.145765
0.171359
0.153851
0.204163
0.151006
0.180034
0.127484
0.199508
0.1939
0.22249
0.125915
0.239257
0.107975
0.194642
0.167267
0.144437
0.120514
0.137358
0.147914
0.142251
0.179269
0.14332
0.157747
0.162399
0.147772
0.125042
0.108932
0.152726
0.155094
0.137593
0.118162
0.110434
0.0909411
0.101417
0.174298
0.16724
0.182892
0.10822
0.166426
0.107838
0.151051
0.1044
0.146777
0.166013
0.195281
0.156281
0.246139
0.216227
0.21896
0.155358
0.151452
0.116442
0.139838
0.161363
0.162742
0.195665
0.205476
0.276989
0.15241
0.160271
0.0964699
0.122574
0.135867
0.170229
0.179807
0.121393
0.13211
0.217298
0.111869
0.106688
0.185306
0.132378
0.146906
0.167579
0.123364
0.189546
0.117264
0.152174
0.182798
0.139182
0.204283
0.174351
0.170044
0.13589
0.187893
0.106013
0.200275
0.147536
0.138986
0.13517
0.172958
0.11991
0.194464
0.14824
0.0765617
0.21998
0.204097
0.162957
0.166693
0.131052
0.159402
0.120415
0.0974874
0.254866
0.0831793
0.178354
0.136923
0.115632
0.146767
0.124483
0.151425
0.105676
0.168606
0.109604
0.126285
0.18907
0.223709
0.133555
0.153576
0.190617
0.0960804
0.236121
0.181221
0.195048
0.122526
0.287567
0.161736
0.192957
0.16853
0.156475
0.198702
0.178234
0.183637
0.159915
0.139117
0.112229
0.159219
0.149708
0.15924
0.147089
0.116184
0.144473
0.145349
0.218796
0.103949
0.165245
0.165627
0.127073
0.129939
0.123909
0.140301
0.122315
0.183148
0.147778
0.119859
0.172054
0.169546
0.155897
0.118474
0.112944
0.145705
0.166875
0.158423
0.200172
0.174055
0.188036
0.13887
0.156509
0.145251
0.0929064
0.184628
0.130094
0.121543
0.159567
0.122799
0.134346
0.0914245
0.175559
0.140368
0.178785
0.141801
0.130464
0.144666
0.143607
0.22272
0.180794
0.10805
0.142384
0.151125
0.148561
0.133397
0.138998
0.101409
0.0685625
0.19752
0.222622
0.103486
0.126835
0.126039
0.127464
0.0827941
0.0717487
0.120463
0.102995
0.0909094
0.119214
0.130429
0.121799
0.191019
0.139206
0.124444
0.144473
0.118117
0.211207
0.16436
0.211233
0.140214
0.208397
0.183071
0.152478
0.187283
0.184447
0.162182
0.134161
0.136853
0.0913602
0.166096
0.194567
0.121659
0.17681
0.138371
0.137078
0.133724
0.189035
0.187273
0.129934
0.11947
0.135466
0.159203
0.196817
0.137811
0.203191
0.235202
0.199735
0.17002
0.15557
0.101351
0.1944
0.114726
0.171361
0.167724
0.221913
0.0965567
0.154301
0.125138
0.0697094
0.202859
0.0859131
0.0810242
0.160086
0.160771
0.224406
0.167794
0.228332
0.132134
0.184872
0.209502
0.164924
0.23603
0.143126
0.125692
0.130586
0.145945
0.170093
0.128961
0.130961
0.130553
0.179328
0.140198
0.204775
0.096707
0.115498
0.144492
0.137918
0.134047
0.147532
0.147368
0.179009
0.195375
0.132843
0.225953
0.148557
0.201678
0.108201
0.145873
0.129651
0.135345
0.157907
0.102695
0.112116
0.138357
0.208856
0.169049
0.160424
0.196275
0.172149
0.0785435
0.130144
0.162326
0.128166
0.137905
0.137481
0.119182
0.149425
0.156356
0.216466
0.213461
0.129091
0.12748
0.134686
0.136458
0.128816
0.147413
0.161652
0.115802
0.187933
0.169182
0.158568
0.119782
0.196875
0.147341
0.203198
0.128883
0.202347
0.18262
0.123712
0.182857
0.176568
0.178613
0.185042
0.0889937
0.165287
0.109049
0.0845595
0.209189
0.151312
0.14955
0.111541
0.132028
0.146436
0.117068
0.117704
0.171549
0.167544
0.16869
0.123073
0.191683
0.158247
0.125087
0.140709
0.219818
0.235697
0.213385
0.101284
0.110431
0.113315
0.0879154
0.115082
0.223942
0.196817
0.159115
0.141223
0.16629
0.135029
0.195488
0.144055
0.0926569
0.163314
0.194745
0.197241
0.13731
0.113616
0.123906
0.164048
0.131402
0.0905434
0.109594
0.141853
0.136239
0.17368
0.187972
0.0984038
0.13091
0.116529
0.130402
0.163814
0.126439
0.155425
0.173425
0.176124
0.139492
0.171958
0.155777
0.158908
0.130352
0.206395
0.177442
0.238575
0.153084
0.145034
0.123528
0.130883
0.145135
0.1043
0.132396
0.13677
0.113208
0.192038
0.110503
0.160237
0.132228
0.180315
0.214505
0.139993
0.15519
0.142728
0.157201
0.102668
0.112627
0.138207
0.123149
0.0820043
0.139198
0.119347
0.161219
0.164009
0.174301
0.182219
0.122282
0.0885646
0.117769
0.152409
0.133834
0.22029
0.148895
0.117124
0.146254
0.109191
0.234432
0.238359
0.165935
0.14864
0.0959662
0.171308
0.206123
0.0932024
0.198004
0.0944344
0.124475
0.137822
0.151424
0.101694
0.157155
0.155716
0.151722
0.173135
0.218873
0.107128
0.16659
0.177089
0.196701
0.150512
0.0772194
0.192144
0.171058
0.158603
0.172704
0.181123
0.155393
0.168003
0.101608
0.14739
0.159812
0.0648622
0.194081
0.170631
0.135677
0.217075
0.189713
0.0984847
0.0896907
0.12794
0.165414
0.128768
0.146227
0.150387
0.151465
0.202209
0.122196
0.198024
0.207518
0.131404
0.167685
0.281263
0.192752
0.141017
0.196089
0.182719
0.181487
0.180333
0.148235
0.126574
0.208956
0.219439
0.130892
0.107451
0.114774
0.176024
0.125857
0.157206
0.213705
0.155669
0.0933289
0.125723
0.216618
0.187039
0.164896
0.131659
0.130804
0.195147
0.201009
0.140091
0.123066
0.141002
0.104717
0.164223
0.12337
0.163634
0.148643
0.189949
0.113147
0.131056
0.116195
0.117477
0.0869652
0.188696
0.152874
0.145745
0.123135
0.163852
0.125491
0.187341
0.145185
0.125985
0.202567
0.0961498
0.148747
0.158426
0.131266
0.140597
0.138038
0.109757
0.151704
0.12553
0.136423
0.145509
0.108649
0.20445
0.128704
0.144619
0.190025
0.190821
0.101364
0.102189
0.0875099
0.156644
0.111214
0.125652
0.113748
0.176476
0.186126
0.163637
0.202099
0.167298
0.168662
0.125151
0.118027
0.149419
0.179706
0.148274
0.227204
0.208984
0.19408
0.124901
0.181583
0.20108
0.126092
0.140461
0.146382
0.174688
0.133575
0.15743
0.16306
0.147907
0.157876
0.10615
0.169188
0.178581
0.1518
0.155573
0.137867
0.136638
0.118765
0.117613
0.116421
0.166275
0.192276
0.117138
0.161534
0.129325
0.169537
0.139559
0.185781
0.132843
0.159337
0.126448
0.149962
0.145614
0.156818
0.158311
0.1334
0.196439
0.138857
0.176666
0.136277
0.196694
0.169651
0.112899
0.170197
0.155258
0.191941
0.106718
0.154451
0.127529
0.1687
0.126612
0.108777
0.141311
0.149065
0.0983598
0.136252
0.164537
0.129034
0.103982
0.183534
0.118264
0.124019
0.106061
0.146568
0.180378
0.124052
0.1098
0.139487
0.151909
0.189815
0.158804
0.151325
0.0948895
0.216737
0.153807
0.135586
0.197611
0.154319
0.102306
0.17133
0.148689
0.286012
0.166166
0.138173
0.132277
0.201385
0.064272
0.20641
0.167851
0.0921643
0.119761
0.102258
0.084055
0.160311
0.169134
0.120371
0.119075
0.214183
0.176391
0.231941
0.117729
0.159705
0.143558
0.184756
0.221805
0.15025
0.109759
0.169137
0.102854
0.184262
0.155453
0.154457
0.142627
0.174992
0.0834524
0.210946
0.182509
0.0954219
0.165966
0.165247
0.143041
0.125543
0.180563
0.214584
0.159688
0.143242
0.167754
0.15296
0.21705
0.0938633
0.212733
0.172822
0.183312
0.195957
0.165051
0.168889
0.145629
0.103105
0.136891
0.198596
0.228533
0.164446
0.167084
0.160763
0.233835
0.135365
0.175384
0.120348
0.143267
0.194343
0.113952
0.148458
0.123364
0.139008
0.0630289
0.124372
0.149661
0.183436
0.130065
0.138069
0.184586
0.159922
0.168707
0.135692
0.124921
0.093488
0.152531
0.306248
0.166544
0.134731
0.141897
0.181466
0.123119
0.141966
0.158307
0.177136
0.108613
0.175546
0.186344
0.231463
0.124223
0.113749
0.178027
0.120801
0.22548
0.153036
0.153297
0.155104
0.168667
0.178035
0.138143
0.11047
0.155542
0.216943
0.165485
0.19276
0.0834669
0.177411
0.190096
0.132106
0.174821
0.0889027
0.124353
0.1207
0.138213
0.169704
0.17369
0.151178
0.137684
0.151492
0.106165
0.149011
0.171991
0.188257
0.0963742
0.193381
0.149218
0.234458
0.141204
0.170135
0.183033
0.138632
0.169127
0.1926
0.182362
0.205439
0.248308
0.20193
0.114094
0.182703
0.166275
0.166772
0.156976
0.170916
0.173654
0.205603
0.170993
0.170158
0.148838
0.108545
0.150071
0.182402
0.144052
0.171222
0.14321
0.119914
0.242329
0.229846
0.13068
0.168104
0.158934
0.14822
0.240892
0.134862
0.212119
0.144006
0.142755
0.139808
0.196235
0.21748
0.155514
0.0676829
0.166201
0.141597
0.156685
0.121937
0.122364
0.156329
0.159343
0.205885
0.255924
0.113013
0.203699
0.173088
0.185627
0.141679
0.120839
0.191414
0.154199
0.118686
0.142863
0.192583
0.162146
0.158848
0.209805
0.142394
0.0929281
0.152715
0.157034
0.126592
0.15958
0.196171
0.104576
0.163837
0.17213
0.181022
0.176872
0.141758
0.150774
0.172171
0.176671
0.160645
0.180369
0.17691
0.164353
0.139146
0.106017
0.178675
0.206664
0.14994
0.152991
0.162607
0.111784
0.168816
0.2179
0.135769
0.148234
0.216318
0.119919
0.156764
0.195763
0.177482
0.113856
0.155123
0.182998
0.239678
0.138609
0.166027
0.0964482
0.0792854
0.145215
0.116226
0.14197
0.109547
0.136444
0.209084
0.110847
0.159703
0.153301
0.241216
0.222771
0.17362
0.163884
0.161032
0.15053
0.196943
0.256088
0.199937
0.161097
0.14239
0.153085
0.0976135
0.132344
0.129523
0.12049
0.138332
0.133907
0.16381
0.189735
0.173062
0.125761
0.221228
0.14389
0.0966797
0.178268
0.124991
0.149246
0.177059
0.129911
0.12069
0.148268
0.0925819
0.221215
0.0958059
0.19126
0.205836
0.165957
0.125161
0.155476
0.19083
0.148465
0.223547
0.16454
0.21759
0.23145
0.137264
0.111145
0.150579
0.206872
0.172785
0.117855
0.153539
0.178969
0.1423
0.17716
0.159683
0.18546
0.139609
0.219085
0.187919
0.0953846
0.146872
0.169518
0.149773
0.135102
0.182628
0.107871
0.170362
0.137235
0.17405
0.180326
0.133361
0.113092
0.164262
0.0891298
0.120628
0.166301
0.117677
0.113965
0.157877
0.0886668
0.148045
0.142852
0.197838
0.12523
0.164911
0.0892746
0.183279
0.19207
0.196897
0.199678
0.169886
0.15313
0.146003
0.139333
0.115243
0.116369
0.177934
0.162126
0.201849
0.106015
0.131473
0.187885
0.208852
0.185088
0.183473
0.109928
0.142168
0.115741
0.168044
0.10963
0.200695
0.156885
0.159436
0.134818
0.112415
0.167737
0.197138
0.207139
0.19147
0.154606
0.147376
0.118521
0.110569
0.100988
0.113959
0.0982778
0.243638
0.0676074
0.121296
0.10036
0.205919
0.208021
0.115261
0.133391
0.160934
0.16436
0.268767
0.164107
0.107594
0.15048
0.112139
0.140982
0.116808
0.13158
0.100314
0.246795
0.164037
0.178427
0.159462
0.152729
0.196063
0.1122
0.224365
0.125241
0.185722
0.0999051
0.185577
0.0825327
0.159195
0.120557
0.191744
0.113738
0.111133
0.142521
0.0889237
0.179426
0.159644
0.135339
0.14846
0.0940069
0.116178
0.202112
0.232036
0.23967
0.157323
0.170073
0.140965
0.151273
0.114143
0.183219
0.134574
0.218653
0.118083
0.213554
0.143769
0.186203
0.185575
0.122056
0.132524
0.161591
0.149679
0.217856
0.149146
0.148177
0.136805
0.126048
0.110989
0.100113
0.133345
0.221482
0.167293
0.193942
0.164772
0.214245
0.146179
0.133793
0.137144
0.140864
0.146429
0.147064
0.136206
0.196432
0.166426
0.22137
0.162697
0.123213
0.177858
0.170386
0.179848
0.138578
0.114713
0.123928
0.150087
0.141599
0.193548
0.11884
0.120444
0.12707
0.101596
0.132726
0.118039
0.13884
0.148861
0.200671
0.158396
0.163868
0.131881
0.194226
0.13735
0.182873
0.143836
0.119928
0.193583
0.176542
0.116722
0.159305
0.17038
0.172081
0.170372
0.107359
0.152446
0.1998
0.171998
0.191662
0.122587
0.214712
0.137326
0.231761
0.155959
0.134651
0.151537
0.155338
0.149846
0.172624
0.180015
0.245697
0.13356
0.0881658
0.246661
0.136787
0.118443
0.121358
0.149721
0.19992
0.151502
0.174105
0.126828
0.172929
0.162498
0.17471
0.162989
0.130638
0.116738
0.198223
0.230002
0.128348
0.161535
0.151741
0.111636
0.208534
0.134282
0.216154
0.163082
0.11198
0.122555
0.143926
0.176179
0.156158
0.161469
0.238115
0.0825793
0.205131
0.113804
0.16179
0.170385
0.13517
0.132222
0.169987
0.122588
0.147267
0.131317
0.0798583
0.190882
0.11789
0.152748
0.241872
0.138976
0.124293
0.160423
0.148518
0.205052
0.185394
0.177743
0.134737
0.134001
0.234155
0.178738
0.110615
0.166322
0.113813
0.118858
0.157731
0.130375
0.126183
0.123798
0.195099
0.137806
0.180704
0.175364
0.148043
0.198401
0.144133
0.194202
0.138732
0.207715
0.183913
0.123457
0.1212
0.16456
0.11601
0.158702
0.140274
0.117595
0.158241
0.19464
0.103134
0.151521
0.153885
0.0901598
0.169103
0.160761
0.151487
0.134833
0.106767
0.0950894
0.155289
0.143232
0.139093
0.128227
0.144121
0.138942
0.212927
0.167119
0.134312
0.163722
0.176247
0.207742
0.0986542
0.187903
0.110578
0.135609
0.185356
0.237479
0.145898
0.196771
0.128695
0.152
0.184523
0.202023
0.18382
0.158528
0.140568
0.130496
0.150391
0.222818
0.228129
0.0837437
0.113433
0.174262
0.156186
0.122976
0.211717
0.140459
0.152113
0.223119
0.152654
0.134559
0.196305
0.204472
0.105054
0.136053
0.11621
0.129092
0.132734
0.160687
0.123314
0.103496
0.150642
0.16345
0.128127
0.124308
0.162024
0.103584
0.0984619
0.176227
0.182967
0.105824
0.190677
0.182128
0.187995
0.16247
0.144255
0.156646
0.135054
0.164979
0.0827545
0.110003
0.098142
0.163974
0.137363
0.138529
0.163715
0.116648
0.0840487
0.219527
0.151746
0.176814
0.179305
0.163225
0.110548
0.116785
0.198026
0.126113
0.203374
0.259947
0.1789
0.185827
0.162526
0.124522
0.161457
0.167348
0.11596
0.111954
0.169921
0.150424
0.110638
0.105784
0.186604
0.185798
0.226423
0.108286
0.145718
0.159991
0.180814
0.202896
0.196546
0.193602
0.147169
0.199746
0.199846
0.156027
0.222561
0.168156
0.125102
0.158452
0.157027
0.172562
0.129861
0.130474
0.175825
0.204812
0.217176
0.15163
0.206997
0.19552
0.143387
0.207341
0.190194
0.167141
0.192278
0.139748
0.158769
0.16551
0.114838
0.273748
0.157568
0.154398
0.136292
0.182106
0.0977626
0.202683
0.183789
0.131987
0.145289
0.170826
0.110973
0.178117
0.138915
0.179021
0.147963
0.18236
0.147515
0.114513
0.126626
0.180288
0.161213
0.139672
0.169808
0.138195
0.191331
0.112917
0.14225
0.176876
0.123705
0.167352
0.216863
0.195498
0.215321
0.178272
0.172204
0.195544
0.187104
0.132662
0.133035
0.0998566
0.152328
0.167725
0.145065
0.112049
0.141084
0.148247
0.141478
0.243845
0.186432
0.163139
0.144008
0.0979177
0.148749
0.189539
0.169793
0.197298
0.0988411
0.241299
0.153888
0.191319
0.127196
0.151632
0.209909
0.168926
0.0668518
0.144113
0.124511
0.191745
0.131053
0.187436
0.120067
0.179275
0.0856389
0.175199
0.137735
0.166638
0.207796
0.107581
0.114261
0.159878
0.138018
0.11843
0.222748
0.102489
0.195428
0.185583
0.141961
0.190417
0.179139
0.105745
0.146045
0.159494
0.180254
0.2204
0.156887
0.174362
0.184826
0.182498
0.1373
0.182752
0.214958
0.228235
0.159048
0.194458
0.194577
0.208164
0.155095
0.14125
0.107395
0.144207
0.157813
0.0970557
0.179092
0.178078
0.180232
0.135708
0.16968
0.230852
0.180811
0.113242
0.158582
0.155658
0.212588
0.13418
0.187783
0.145653
0.208437
0.113648
0.173152
0.187792
0.100393
0.0818602
0.119916
0.1616
0.15287
0.189276
0.198819
0.147022
0.156658
0.139449
0.162321
0.254402
0.129888
0.137512
0.180144
0.129699
0.136262
0.14348
0.117198
0.210818
0.18994
0.191652
0.200973
0.0959692
0.143185
0.189197
0.217789
0.130317
0.148702
0.145124
0.150464
0.117873
0.161089
0.207219
0.219683
0.253653
0.128566
0.162566
0.138856
0.20546
0.158698
0.168507
0.142205
0.123388
0.163117
0.212386
0.163759
0.152706
0.148837
0.300137
0.185455
0.110775
0.139424
0.172805
0.178538
0.123302
0.154575
0.132077
0.19722
0.149777
0.119981
0.154672
0.227612
0.167253
0.117285
0.163402
0.141853
0.170382
0.180152
0.110556
0.19831
0.161538
0.153295
0.232798
0.141478
0.110345
0.1852
0.0819089
0.166587
0.123141
0.149394
0.234212
0.197581
0.162336
0.153042
0.113214
0.202306
0.213905
0.122655
0.138403
0.165946
0.119829
0.175643
0.157825
0.141416
0.148426
0.160426
0.168714
0.188366
0.148523
0.156491
0.120634
0.169466
0.230976
0.218695
0.180869
0.166808
0.146967
0.104326
0.188568
0.205284
0.169923
0.160547
0.156755
0.114042
0.142749
0.201319
0.175355
0.136092
0.104471
0.25451
0.16597
0.203107
0.178553
0.118025
0.208088
0.171231
0.153667
0.134453
0.173362
0.123871
0.199007
0.18453
0.179353
0.176762
0.0889949
0.170052
0.142019
0.110799
0.114057
0.198612
0.0962039
0.162683
0.127104
0.131475
0.22817
0.16167
0.208385
0.149521
0.186543
0.139858
0.153841
0.15056
0.168951
0.153246
0.141351
0.161467
0.116737
0.142986
0.116767
0.139725
0.152875
0.157698
0.11452
0.143882
0.101542
0.0927761
0.134691
0.171112
0.168584
0.182372
0.148322
0.229005
0.147582
0.173805
0.17102
0.15277
0.182153
0.194314
0.204211
0.10226
0.134808
0.132318
0.25456
0.111452
0.155586
0.151597
0.156068
0.164913
0.149684
0.153664
0.0823921
0.184602
0.10247
0.142004
0.151126
0.107306
0.165591
0.126813
0.173082
0.169649
0.133336
0.199779
0.162813
0.156069
0.102987
0.141812
0.151957
0.227514
0.132773
0.134079
0.173605
0.127821
0.109219
0.143436
0.113583
0.120022
0.188705
0.131149
0.149356
0.109708
0.112192
0.109694
0.210301
0.148253
0.198652
0.137153
0.146473
0.155915
0.161119
0.128637
0.172124
0.159341
0.129073
0.129713
0.0803007
0.18366
0.17916
0.106168
0.118105
0.149659
0.0716519
0.166574
0.176468
0.195587
0.1325
0.158689
0.0804202
0.100953
0.159714
0.116392
0.133809
0.135017
0.144872
0.167537
0.140158
0.144146
0.197909
0.0974369
0.0863426
0.193035
0.0922684
0.164031
0.159347
0.123096
0.151171
0.180092
0.116497
0.131017
0.146373
0.243472
0.227588
0.203939
0.139945
0.166133
0.162288
0.14103
0.154522
0.113242
0.168931
0.144498
0.180472
0.153766
0.152664
0.163936
0.123665
0.111774
0.207652
0.154363
0.18444
0.117251
0.128782
0.100081
0.15621
0.227482
0.0888583
0.140639
0.206332
0.131462
0.147368
0.135871
0.18197
0.132218
0.176346
0.142645
0.140689
0.101123
0.151939
0.186799
0.0937199
0.135389
0.144282
0.192432
0.15821
0.131872
0.162648
0.183846
0.0998491
0.148111
0.162362
0.18725
0.202453
0.217548
0.154137
0.168129
0.216966
0.163987
0.215552
0.193435
0.175269
0.194498
0.137907
0.173253
0.106457
0.1564
0.182149
0.124819
0.0796904
0.188021
0.124644
0.110322
0.187576
0.174755
0.132912
0.13107
0.207794
0.16457
0.152322
0.16717
0.197335
0.174734
0.0987337
0.0892178
0.107197
0.177044
0.133709
0.162293
0.214964
0.143813
0.0950481
0.168103
0.143958
0.224364
0.138809
0.167412
0.116374
0.0956457
0.1363
0.178548
0.132615
0.183937
0.10221
0.111414
0.126983
0.138165
0.129231
0.188993
0.187334
0.130216
0.108352
0.0898689
0.141421
0.170801
0.160615
0.157727
0.157076
0.161842
0.105219
0.1809
0.139489
0.10823
0.225275
0.198159
0.156918
0.138276
0.179817
0.150229
0.154668
0.155961
0.156031
0.147367
0.2354
0.202081
0.107861
0.100825
0.202197
0.128022
0.174827
0.152088
0.0864271
0.143557
0.175752
0.193894
0.194124
0.192366
0.117289
0.202692
0.156695
0.165206
0.20094
0.256848
0.116507
0.193488
0.130984
0.190057
0.188291
0.18855
0.128502
0.184477
0.194273
0.111706
0.150649
0.147225
0.180343
0.204049
0.172119
0.147106
0.15024
0.102016
0.0984038
0.128323
0.196608
0.122093
0.150742
0.150024
0.115645
0.155827
0.180807
0.149204
0.172885
0.130564
0.138965
0.187005
0.122451
0.138433
0.250747
0.170536
0.120192
0.169629
0.123953
0.14002
0.089278
0.122706
0.15759
0.120711
0.149089
0.116033
0.148003
0.136536
0.121094
0.0857879
0.184594
0.125469
0.189531
0.175593
0.110136
0.202667
0.235987
0.170001
0.1925
0.115897
0.222274
0.192956
0.099127
0.194608
0.144501
0.168689
0.202624
0.203377
0.15139
0.170713
0.150277
0.132925
0.190435
0.103148
0.182774
0.100295
0.148514
0.196554
0.145327
0.226182
0.178735
0.140207
0.144353
0.144119
0.210494
0.138947
0.148456
0.176401
0.102842
0.191533
0.121459
0.141534
0.109954
0.0908148
0.176228
0.151784
0.159237
0.139479
