5.90767
1.90027
1.02401
1.378
1.56445
2.25673
1.37108
2.13159
1.21375
1.70216
4.96376
2.93518
2.74893
3.01618
5.1966
4.69965
5.04911
2.17941
2.65491
5.98927
3.40905
1.84839
3.62853
3.97593
2.66705
2.98295
2.75165
1.59673
3.2183
1.9222
2.3021
1.30351
3.04431
5.15846
5.90363
2.16642
3.19912
2.89271
3.28797
4.90588
3.35701
5.25922
6.38541
2.74781
3.05392
4.00649
4.35665
3.98443
3.76212
3.00093
5.76045
5.46058
2.46078
1.90024
1.42807
5.43972
3.12652
2.05897
1.40819
4.89119
3.68809
2.29641
2.71153
4.53999
3.34224
2.92028
2.20748
3.4478
2.89454
2.25842
3.87654
2.98182
2.9559
2.97648
3.19202
3.33571
1.74918
2.65692
1.09692
4.54059
2.62983
2.66531
3.7268
1.38178
2.57013
3.28186
4.61334
5.00768
2.11387
4.04936
5.16462
5.28488
4.62538
3.70703
3.78471
2.79367
3.9861
7.05592
5.49118
4.05531
4.03895
3.17787
3.51996
7.05971
5.10988
5.19298
3.87806
5.34168
3.8261
2.41228
4.12559
5.35947
3.86406
4.30001
2.05107
1.78466
4.83503
4.70032
3.66806
2.7456
2.72705
3.96049
2.05822
3.45114
6.63009
4.31501
5.58823
4.60583
4.47492
2.12684
2.27666
4.31407
3.57166
3.88648
2.58417
2.35069
2.89456
4.87556
4.45896
2.82613
2.54534
1.53061
4.52125
3.04799
4.9056
4.35352
4.99182
3.55892
3.58583
4.42074
2.3815
6.0529
3.80134
3.50616
5.1384
7.04792
4.54091
3.13801
3.57506
4.8108
5.28556
1.78356
3.08822
3.58156
3.58229
2.06224
4.48764
4.00734
5.26522
7.91204
7.78293
5.99369
5.08459
4.2116
6.58815
4.91354
5.64007
4.28682
4.72124
2.5383
4.88667
2.60943
2.49505
5.51107
4.30793
3.63078
5.35357
3.15697
7.46554
3.34252
4.88586
7.95996
5.44438
7.59593
5.92571
4.95907
5.38405
4.55267
4.26815
3.17612
6.77292
2.96864
4.12003
2.48004
3.17404
4.24117
5.89781
5.83369
4.67042
1.95391
3.6252
1.93177
5.80296
6.27909
2.73461
3.88678
4.43844
2.18135
4.23659
3.76668
4.30752
5.87623
3.80799
3.13727
4.045
3.60065
3.87253
4.5439
5.20307
1.98713
2.65938
4.62432
3.20552
5.09895
3.40776
3.57963
4.14617
1.96658
2.94571
2.15666
2.88645
4.52122
4.04866
2.16671
2.93842
3.61338
2.18108
5.85468
6.54796
7.50187
7.99348
7.27804
7.72901
6.86456
7.49169
5.93668
7.94432
5.37724
5.81528
3.7028
3.91339
6.30193
5.6488
4.45722
3.18897
3.41086
2.86192
5.78683
3.84455
4.95673
3.86828
2.61101
2.30812
3.96351
3.96787
3.6625
3.673
3.66394
3.05195
3.68315
3.84825
5.21792
4.26734
6.43372
3.98011
3.11094
3.38971
2.9285
2.81546
1.68203
2.92421
4.42325
2.74846
3.15776
2.67899
4.5344
1.72707
1.95188
3.34006
4.25468
2.82912
2.98691
3.37767
2.00473
2.13851
3.57468
3.78493
3.53723
4.7094
2.76734
3.61235
3.25051
4.04106
3.47225
5.63519
1.73513
3.67475
4.65099
4.07874
2.65446
2.87883
5.21422
4.73178
3.67778
3.3937
2.37094
4.81454
3.40486
3.00563
8.26393
5.00621
3.98487
1.88534
5.26298
4.61677
2.85954
5.69566
3.5985
2.78305
1.96086
3.42829
2.24687
4.08759
5.36184
5.89865
3.79393
3.44719
5.19884
3.19402
4.66551
4.48093
3.58199
3.27052
3.03964
4.39216
9.69009
4.29329
4.64041
5.22825
2.79456
4.40849
3.28471
2.08143
3.16933
3.8287
4.74519
2.92733
1.63306
2.53954
5.20356
3.74164
1.91211
2.68061
8.03871
4.40149
2.63665
3.21042
3.40093
3.04261
2.94482
1.87827
3.17138
4.08486
3.10953
2.59969
3.68934
4.28605
2.03574
4.14085
3.69059
4.90195
3.3289
3.62278
5.02522
5.31105
4.21604
5.63114
4.65804
7.07139
3.68886
2.7845
2.54609
2.34631
1.87928
2.96717
3.15681
2.92141
4.90344
2.92581
2.6274
2.91898
1.85695
4.74883
5.33359
3.29758
2.15176
3.13079
2.26921
2.87185
4.29677
3.93748
3.30542
5.38915
4.29006
4.28979
6.16862
2.4518
5.16403
3.5059
3.77954
4.18955
2.70069
2.1111
2.82034
3.99717
3.41995
1.62365
2.40648
3.25047
2.76085
2.90538
2.28235
2.39081
2.50126
2.80544
5.06081
3.00593
3.43918
4.02624
4.81506
4.56833
3.35136
2.70301
2.99736
3.53578
2.8373
3.66585
3.98764
4.31566
5.76022
4.84197
2.75817
4.07801
2.81028
4.79984
2.65395
2.55054
1.60231
3.68748
2.95902
3.31044
2.74777
2.52437
2.97361
2.85422
1.55905
2.05381
1.57249
2.32218
2.5114
2.35056
4.57205
3.40372
2.39453
4.5189
8.23108
5.16698
2.4101
1.57505
2.57957
2.4474
2.55418
3.99628
5.3311
5.36405
4.58325
3.49583
2.35576
1.19585
2.27012
3.91768
3.58898
2.839
2.63316
3.60564
3.92323
2.71965
2.87991
2.62743
2.77119
4.51652
4.30032
3.27916
4.91146
5.49181
4.96519
3.1514
3.68057
4.35434
4.83575
3.91087
2.52506
2.35932
2.19639
2.76219
2.03783
4.42562
4.62173
3.05255
3.75814
3.50551
3.40514
3.70422
1.92886
4.51824
6.95169
4.03646
1.89226
2.60066
1.88787
6.39056
5.83044
5.17575
5.17375
2.46517
1.28749
2.69272
5.37208
5.3652
2.18753
1.63532
3.50707
2.94989
5.76753
5.35766
4.21295
3.89448
4.48073
4.16168
5.68233
5.0613
3.60349
3.13821
3.59455
3.27747
2.53788
4.71853
6.38663
5.08994
3.83156
3.02849
1.926
3.72577
5.15857
6.08232
3.12599
2.53704
1.64546
3.68451
4.01804
6.24014
9.34539
3.18993
4.39148
2.80262
3.58247
4.51235
5.63162
4.64493
4.39043
3.83545
2.85485
3.65276
6.79532
1.32384
2.02389
3.61194
1.7206
2.86582
1.90582
3.25304
2.44855
2.85331
3.2288
1.90328
1.31284
1.66592
3.51306
3.1151
3.37192
2.64472
3.57971
4.00493
3.35561
3.2664
4.78858
6.27538
6.105
4.29051
5.54178
4.25521
4.4202
5.22714
5.6457
2.05588
2.67713
4.10456
5.09507
5.75596
3.24226
2.44698
3.92051
2.00272
3.76966
4.79414
4.01217
2.92575
1.74613
0.813558
4.19401
4.01454
4.73194
2.65364
2.39705
2.36697
2.87773
4.04054
2.65678
3.10941
3.28751
4.26067
7.05399
5.30551
5.31987
3.4002
5.30787
2.49716
2.75651
2.34297
2.08988
3.87481
7.65697
4.57296
2.24867
2.30873
2.25384
4.76145
2.95365
5.61359
6.7728
6.83944
7.48935
3.33309
4.90379
2.90225
3.33026
3.61954
1.65014
4.93157
2.78016
4.69359
7.94102
5.89403
4.51232
3.39603
4.18837
2.85741
3.63427
3.08711
6.51943
5.14707
3.28668
3.51555
3.48663
2.8449
2.31446
5.16726
2.8161
2.10866
3.32973
2.33529
5.31897
6.01317
3.10305
1.81447
2.68901
5.21964
4.90793
5.15479
3.70141
2.54401
3.06697
2.98429
3.15493
3.25208
2.39567
2.29982
3.35659
1.68717
2.9501
3.74913
2.12606
2.06248
2.90384
3.49051
2.77982
2.9964
2.80683
2.06365
2.87129
2.95697
1.73093
3.01615
2.2812
4.1238
2.93815
3.22698
4.50116
5.61058
7.14627
6.0251
6.50877
4.58836
4.08127
4.48226
5.76666
4.45807
1.96459
1.82946
4.53052
2.9056
3.6163
1.40931
3.72748
3.82613
6.22322
5.35947
1.46654
3.91479
2.45506
4.61461
5.297
5.83548
2.94977
4.06847
3.92591
1.46425
4.52825
3.69262
2.98476
2.98814
2.01771
4.26148
1.69225
4.19357
2.64992
4.63524
4.05555
3.83273
2.99159
3.48683
2.73507
5.36302
2.36103
1.2635
1.18009
2.51763
3.80467
5.01477
4.0648
5.33414
3.29349
6.78351
5.9322
3.15204
2.03127
6.34379
3.63182
3.83913
5.16358
4.20997
4.03942
6.98686
2.28915
5.50394
2.52437
2.13995
2.83443
2.83836
3.91246
2.82758
2.75811
3.85227
5.36019
3.7103
3.52639
4.1493
2.32997
3.21329
5.18198
2.07733
2.10855
3.36213
3.39033
3.87423
4.76323
4.26989
3.59045
4.29998
3.82214
4.21379
3.72788
3.22386
3.16825
3.49399
3.8365
2.82323
3.93982
3.63234
4.67026
3.26756
2.78579
2.86492
5.79425
4.9642
2.66629
3.46166
4.11525
4.76407
2.73244
2.58431
2.95918
2.56579
2.82405
3.42716
4.93576
1.82872
3.03086
3.37719
5.68113
2.54585
2.81291
2.38628
6.06318
3.4123
3.16834
4.71984
3.74585
4.1069
2.137
2.19117
1.95927
4.33565
1.8999
8.21246
5.14591
1.93215
3.15357
2.99296
2.88499
5.52503
3.95439
4.3014
3.73184
2.25611
1.64586
2.51795
2.00536
2.7493
3.67073
4.92708
2.44355
4.18252
2.5367
3.10351
3.00613
4.40979
2.80096
2.92644
2.4779
2.45546
4.13876
4.58258
4.5194
2.17653
1.84081
3.44188
3.68371
2.3825
4.36522
3.04674
5.69936
2.45227
4.77471
4.96822
5.17439
5.09016
2.70815
3.08475
4.88407
2.16229
3.99952
2.01842
3.21764
2.43087
0.657529
1.27057
3.58584
1.94083
1.78819
3.81146
3.05534
5.84681
5.8505
2.70176
3.54872
2.23364
3.63549
2.68306
2.3474
2.19418
4.34889
4.97663
4.90496
3.55099
1.63596
4.53917
4.79629
3.02924
5.07271
4.81447
4.58683
3.99159
1.86483
2.34526
4.73183
3.96034
3.03232
3.59639
3.43376
4.38909
4.05513
2.59341
2.708
3.73664
4.90892
3.86243
3.73013
3.84527
2.6546
2.16149
3.18501
2.22672
3.2283
2.45665
1.99529
2.91182
1.91283
2.99952
1.4595
3.15243
3.40674
1.91354
2.74377
2.03419
1.34497
1.89998
3.08866
1.73039
2.46637
4.46076
5.7882
4.52115
5.55783
2.69829
3.27389
3.67522
3.18536
7.43941
4.5435
5.51163
2.32898
3.2221
6.43972
4.07036
2.72756
2.81794
4.62046
5.09209
3.80037
2.94076
2.40541
3.03103
3.46541
5.12509
3.87175
3.31305
2.8717
2.58809
3.62964
2.05169
2.16663
1.54811
3.14462
3.92756
3.08795
4.05635
2.20983
4.48648
2.89532
1.93788
3.09809
3.00685
4.45365
4.20768
2.92806
2.5087
2.99992
3.42549
4.26585
4.14027
2.20335
2.74488
1.69909
4.07351
5.29949
4.83454
4.25158
2.78993
2.84449
3.51359
1.89361
1.45597
3.1962
2.55935
2.67959
6.20809
2.38978
1.31587
2.82643
3.32407
2.22601
2.74308
2.6734
2.35783
5.71713
5.08925
3.73902
2.56833
2.41749
4.396
6.35765
3.93044
3.80493
2.5683
2.16344
1.87566
2.80682
4.64929
5.76931
5.98026
4.99275
4.95328
2.82014
2.26605
1.47274
1.69171
1.88
2.13506
4.6624
4.52401
4.56858
2.577
3.05214
2.94153
2.3281
2.26061
1.65371
1.12191
2.52665
1.60007
3.01006
2.32098
1.83563
3.09486
1.66452
3.97415
3.9347
3.88146
3.74889
2.25748
2.58496
2.49634
2.62306
2.17102
2.73553
4.04722
7.58002
5.29212
4.05832
4.27412
5.77396
2.72088
2.96616
6.74631
2.59692
4.75099
3.17884
3.71287
2.51977
2.38743
5.73032
5.246
4.3142
3.62814
2.22344
4.70373
4.47065
7.26342
4.04024
2.97624
4.97204
2.33135
1.81549
2.02953
2.4981
4.96738
3.41019
2.97951
7.68021
6.60458
2.76256
4.3346
2.86347
4.77803
4.24489
5.69247
2.87954
5.09785
6.09646
3.53791
2.49257
3.13249
4.53621
2.06366
4.82994
4.0086
2.89417
3.01045
4.61682
3.3049
2.32625
2.12894
3.46754
2.53722
2.80971
2.19785
3.07825
2.687
2.88614
3.60076
3.46226
3.94725
3.37921
3.15745
2.82724
2.2777
2.23648
3.25122
3.57822
2.4856
3.37274
4.82233
3.828
2.32764
3.93694
2.42079
5.06
5.10181
3.04447
2.5461
2.23267
2.52989
2.54043
2.06864
2.04635
4.31722
2.6163
2.15779
1.94397
3.39155
3.80821
3.04404
4.94746
3.29195
3.15998
3.61972
3.61309
7.3909
2.573
3.35041
4.12501
3.33434
2.32402
4.66644
4.88581
2.14566
3.18531
3.69896
3.2097
2.29289
1.96138
3.12008
4.05536
2.66078
2.7245
2.93767
2.68484
5.12279
4.46041
3.31029
3.43492
3.33044
4.76582
5.22709
5.12071
4.35653
6.42995
5.88488
3.26075
2.84862
4.42546
3.00811
3.50436
2.65575
3.10941
1.76628
3.46956
3.52949
4.11527
2.57448
2.35809
2.23883
4.5055
2.79119
2.91495
3.23605
3.00835
5.59618
3.26955
4.01334
3.54282
4.06419
6.21253
4.76242
3.99849
1.43894
2.25503
4.61627
5.74288
3.60449
3.63542
3.47436
2.82147
2.35116
3.96576
3.23638
2.34693
4.03836
3.53234
4.61257
3.61415
1.95569
6.60072
3.31851
4.47549
2.37042
3.251
3.44326
2.52619
4.93434
2.19549
1.34762
3.71937
2.69691
2.96438
3.50816
3.32846
3.40551
3.78598
4.27494
3.45424
2.1952
2.84701
3.02219
3.71261
2.02088
3.55516
2.99689
3.4234
3.98877
2.33916
3.11582
1.47743
2.74098
1.8919
2.35176
1.7685
3.23502
2.77746
2.83403
5.29964
2.34809
6.53156
4.11317
3.29144
2.84552
6.15289
4.65707
2.48517
3.41128
4.54733
4.57861
3.6928
2.50058
1.82764
3.12376
2.77474
2.66742
7.18681
2.71343
4.07236
4.84296
4.48135
2.9949
2.50988
3.23814
4.79911
3.35559
2.88118
2.69939
3.14912
3.8468
4.34085
5.02166
2.32987
2.86355
4.12427
4.776
4.82455
4.85086
3.2865
2.90219
1.77067
2.83983
3.06736
3.37395
1.30284
6.18955
5.55534
5.24145
3.60926
2.96498
4.37071
4.4376
2.91171
2.67386
2.15365
3.55125
3.54145
3.38932
3.19724
1.48835
2.10729
3.25205
3.01216
2.39041
4.85658
2.45467
1.70145
3.06824
1.70762
4.27224
3.57404
6.68854
4.97929
3.19302
3.21875
2.66523
4.3337
5.31533
2.93047
4.83999
4.15912
1.94873
2.93834
5.15843
2.40894
3.22463
3.37357
2.84277
2.48687
3.17839
4.40802
4.01953
6.50509
10.1547
4.62667
5.51134
3.07272
4.03341
2.3673
4.04692
3.09262
2.51714
4.9896
4.8777
5.48391
3.44493
4.78452
4.15932
1.88123
1.97497
3.24419
4.62786
2.51448
3.19066
3.22455
1.24741
1.89284
1.78399
5.43509
8.39033
4.46161
4.00393
3.09702
3.83294
7.30937
5.36356
8.3702
5.55332
2.97739
2.29854
2.73991
3.33709
1.47802
3.00911
2.33817
3.08999
3.88254
4.51922
3.35347
4.03463
4.82727
4.06443
1.72095
2.51127
4.56235
5.91944
6.49461
3.71839
6.58561
1.26537
2.1332
3.29781
2.83019
5.22703
3.72742
3.01267
5.4315
4.00421
4.94287
3.65979
4.6003
3.65087
2.02494
2.33324
3.25698
1.5946
3.74356
2.84152
5.98092
4.02053
3.49446
4.30366
3.06822
4.31372
2.74091
3.38721
5.44044
4.43608
2.64164
5.44766
3.46063
2.72667
4.41146
3.07334
3.45769
4.88805
3.70708
9.92059
3.67192
8.45756
4.36488
3.70711
2.30263
2.19288
3.15358
4.67979
2.40948
2.04022
1.86081
2.80658
3.38666
3.50325
3.5273
2.40479
2.4682
4.61509
4.19805
2.86607
2.45071
2.28273
1.46419
1.57441
1.4649
3.98982
4.07416
4.02709
2.97337
2.63509
2.92162
4.4518
3.97011
5.20518
6.20902
3.4839
2.38803
4.10473
5.92687
3.49918
4.67981
6.38066
1.81696
2.63652
3.38067
6.40317
6.93622
3.19858
3.23456
2.64178
4.47794
2.05332
2.32683
2.56326
3.69677
1.84272
2.95812
5.44449
3.69085
5.66874
3.34479
4.32519
4.36361
5.16934
2.71888
3.13453
2.51198
2.40399
2.6378
2.73194
2.02808
3.43669
3.44128
6.22292
3.36778
4.37633
2.912
2.66888
3.04346
2.98997
4.32631
3.28253
2.54643
2.77134
3.51681
3.31566
2.91842
5.25255
3.82877
3.98009
2.16475
6.17097
4.41138
3.2597
2.91843
3.40653
1.69173
2.45165
2.23415
3.50089
3.07061
3.35206
2.66618
4.11877
2.31571
4.31906
3.15412
3.78786
4.77134
4.44982
3.5494
2.58535
2.19256
3.4387
2.77737
2.86464
1.89018
1.60818
2.38481
1.74138
1.84442
2.62255
3.35216
3.74692
5.13848
2.46535
2.98571
3.18376
2.01749
3.12183
6.42246
2.92129
2.00433
2.08992
3.21233
2.98118
1.5273
2.11494
3.29189
2.86999
2.44928
4.07974
6.12958
4.26558
8.18147
4.49982
4.51499
2.69502
3.89183
1.56026
2.93135
4.1045
2.78535
2.63276
4.48232
4.37956
2.64702
2.91578
4.8711
4.78803
5.24908
2.25783
3.31036
4.66443
2.34416
2.43674
2.34338
4.27327
4.7062
2.44442
6.15269
3.62875
6.0956
5.50166
4.50677
5.23751
4.1139
2.84632
3.21678
3.02404
2.06386
1.85454
3.6988
4.50614
3.03402
4.2671
10.108
4.59549
2.35664
3.74104
4.47567
5.84458
2.20009
2.40741
1.96147
3.92873
4.6069
3.27562
3.44449
3.70807
3.76565
4.66937
5.07431
4.85668
3.00281
3.10638
3.05397
2.69573
2.58424
3.32435
3.8812
3.65815
2.15721
3.09977
4.23548
5.41802
2.16175
2.29542
3.24233
3.34921
3.11598
2.25526
3.75146
5.69004
5.3048
5.74054
4.02346
5.26396
1.95659
2.34974
3.39162
6.28473
4.99974
5.1616
1.8464
2.95643
2.15468
4.31632
5.179
3.64331
3.37855
2.79667
5.47937
4.61198
3.43089
2.28291
3.57256
2.99937
7.5845
2.18382
3.69332
3.9232
3.06885
5.16012
4.11581
3.81797
5.89603
5.69237
2.86356
3.23994
2.73938
3.64235
2.82435
1.70137
1.85647
4.29399
4.02632
2.40686
3.52614
4.75687
2.29132
3.41528
4.28652
3.55729
2.31367
2.78125
4.18838
1.81005
2.93322
2.78816
4.59625
3.82509
5.7142
6.12108
3.98533
6.13733
5.35637
2.96331
4.00115
5.09789
3.04858
1.85739
5.63013
4.54482
3.01476
4.61032
5.56195
5.88248
2.67343
5.1608
3.65961
3.59651
4.27576
4.18605
5.51258
4.74114
3.60286
2.80175
3.01521
5.8947
6.28533
4.28278
3.61487
3.14525
5.03705
5.37054
3.60951
2.40018
3.6487
1.87894
3.01871
2.63039
4.51449
4.10325
1.96401
2.1633
4.38213
2.75873
4.54707
4.81723
4.71923
3.94493
6.98839
5.31208
1.10044
1.25022
7.12622
3.48189
4.03184
3.01499
5.05141
3.50732
5.37615
3.85216
4.50651
4.08396
4.40821
2.7342
4.02803
2.88527
1.98618
3.0037
4.63012
3.14806
3.91903
4.96548
2.69464
3.97553
4.20382
2.74349
4.34365
3.41748
1.9885
4.13424
4.08142
3.84179
5.75002
2.14273
3.40785
1.60438
4.07586
5.28995
7.03086
2.77297
2.2816
4.24549
4.13993
5.00708
13.2346
8.29567
3.7533
2.73014
3.17919
5.45651
5.18029
2.79688
5.95676
4.31137
4.22767
2.71966
4.74605
4.71459
4.3122
3.99958
4.40468
2.86398
3.01644
2.85057
5.20905
6.81193
7.68401
4.57331
5.82946
3.86961
3.54141
2.91207
2.92266
5.23461
2.24768
3.16031
3.60432
5.08724
4.37204
1.72968
2.07787
3.34788
3.71563
5.28875
3.94462
4.04319
3.79204
3.59566
5.66669
2.15049
2.15367
3.23845
4.16372
2.92867
3.78848
2.56086
2.6928
2.49158
2.67971
2.66541
2.98606
1.77052
1.99674
2.63745
3.04667
3.55565
4.21366
4.87744
5.50004
4.9925
4.28563
2.18206
3.11828
2.85883
4.09628
5.42766
3.37974
3.97558
5.26982
5.01709
5.20262
5.42267
3.85958
4.8888
2.6951
4.42282
4.42331
3.65804
4.42641
4.56103
4.94073
3.10474
3.19454
2.97696
3.19036
3.32105
3.3643
5.06185
1.77993
3.58214
3.7516
4.42252
3.59178
3.53299
3.50918
1.32046
5.22589
4.66815
4.35217
3.11061
3.22208
3.08918
3.37086
5.54368
5.82995
5.7745
5.8278
4.00815
2.76313
1.97614
2.93314
2.76366
3.01666
2.93719
4.13554
2.99062
1.78451
3.38144
4.32098
3.73389
6.82332
3.5613
3.61456
3.74885
4.24234
3.36121
1.73678
2.85659
1.82666
3.96862
6.82976
4.25188
2.84188
4.41792
3.33413
2.09895
1.85234
4.15805
1.6111
2.1446
1.69363
1.82557
2.37484
3.11077
2.15262
2.52307
2.38927
4.84142
2.07301
3.23157
3.84474
2.95645
3.29712
2.37735
2.34044
2.43237
5.47143
4.08324
1.6791
2.74659
1.62385
4.30444
3.27015
2.07104
4.13494
6.52025
6.36787
2.983
3.33667
4.34897
3.71899
2.83206
4.40205
4.71271
6.87356
4.14029
3.22281
3.10569
6.59828
5.45949
2.69466
3.14997
3.7833
2.01985
3.83219
4.1001
4.84482
3.96181
3.60901
2.51753
4.90716
3.46166
2.13994
3.51385
3.87403
2.74273
6.83044
4.53495
4.87404
2.12234
3.03636
3.69685
5.06945
5.19268
2.74933
5.77171
5.37159
5.32717
3.26748
1.69034
2.47883
4.03832
2.04713
1.72007
2.97662
1.96374
3.71496
3.07825
4.50483
3.20836
6.55984
4.38534
3.93383
5.0296
2.6146
3.78584
3.4255
3.84333
6.04176
5.64468
6.08149
4.88563
3.76247
5.70859
5.06164
5.89711
2.83449
2.94594
3.33498
2.16532
2.11787
3.77553
3.87687
3.66265
3.09553
4.88116
4.13826
4.66651
3.45984
5.40354
2.31946
2.95314
5.11334
3.53413
3.93253
3.63455
6.46655
3.00746
2.97799
4.17242
4.58056
5.7872
6.87511
3.54577
2.35286
2.07431
5.84986
5.19819
4.54666
6.049
2.91834
4.4501
5.32929
3.74555
2.00267
5.54604
4.22397
2.86893
5.2983
3.67521
5.85584
3.97813
3.8515
4.64668
4.49692
7.65149
3.79542
4.24908
2.13546
2.68304
3.13311
1.82949
2.65536
3.6579
4.21154
6.35404
4.51291
4.92443
2.85032
2.72514
2.9784
6.90817
3.71849
2.05169
1.7162
2.04675
1.37682
1.05185
2.63936
4.30417
3.08864
1.60069
1.65321
2.58992
2.78753
4.33049
3.97506
2.7737
1.89374
4.26862
3.50467
2.38207
2.07734
2.31831
3.75496
3.19101
2.75049
2.15431
5.79425
2.50611
3.31359
3.51054
4.78547
6.93514
3.32438
3.06572
3.88636
2.86009
3.14416
3.90091
2.82572
3.1016
2.25239
2.15795
5.36672
5.92437
8.00147
4.2191
3.82772
3.61363
2.27007
5.34795
3.74557
3.79671
5.2216
3.56509
5.18871
5.35262
5.84993
4.24056
4.81068
4.21544
2.82726
4.57073
3.60593
4.58677
2.04389
3.05605
2.85026
2.18191
3.05683
2.16824
3.72998
6.03231
5.61477
4.49452
4.39912
1.98479
3.34681
3.29826
2.05287
5.05518
3.43289
2.43929
3.16244
5.61488
3.55166
1.99681
3.68274
2.93839
3.35489
2.88654
2.89607
4.37472
3.96905
3.18291
4.99165
3.84305
3.09549
4.26537
2.87818
2.26714
2.33116
6.06652
1.88602
2.81613
4.32642
2.78785
3.44742
2.56703
3.30224
1.91553
3.69867
3.51543
3.00649
2.15345
2.0253
3.72398
3.4118
2.10324
3.56932
4.99272
5.40668
3.45298
1.1026
2.10866
2.52388
3.13131
3.44481
1.88618
2.19263
3.42835
6.22068
2.09389
1.61572
2.88077
2.96424
6.37498
3.66211
4.34855
3.4618
5.07374
3.60285
2.52852
2.44726
3.66372
2.3684
1.84389
4.43366
5.04731
4.47379
4.24157
3.10403
2.9949
2.08271
2.95617
1.79944
3.3607
1.44154
1.18157
3.16127
5.01906
4.59733
4.38794
3.65097
4.74617
5.49022
3.32839
3.06491
1.75401
1.94756
2.77008
2.86932
2.89658
3.99138
3.58327
1.78272
2.417
1.97989
1.69909
3.0878
2.89627
2.95683
2.26658
3.67992
7.69444
7.3339
3.85208
5.88224
2.9859
6.72709
4.5824
4.83108
3.4703
2.62184
2.6233
2.65053
4.00681
3.2005
1.94671
2.65534
2.00552
3.03497
2.76227
1.4394
2.17236
2.57406
2.80975
3.54538
1.67917
3.42382
4.75801
4.69321
2.96234
2.85627
2.62868
2.26843
3.02179
4.55778
1.57225
2.94891
3.31774
1.2425
4.09358
1.87213
2.32901
6.4749
6.54994
3.58286
2.8908
4.84623
4.30851
2.35428
4.04
3.64779
3.17541
2.85462
6.67602
7.25111
6.82781
4.8982
1.94419
3.33377
1.11714
1.64593
2.19412
1.71787
3.84774
4.19326
3.50243
5.23959
2.92051
2.44307
4.95899
2.61248
3.90896
2.97481
3.84277
3.36298
4.08526
3.96591
7.43278
3.30476
4.48119
3.01149
2.63513
2.46207
2.17591
1.70181
2.71404
2.13854
2.65915
2.93095
4.34938
3.10392
2.26042
6.02908
3.94251
3.86754
1.82652
2.19857
1.7644
2.38893
2.98977
3.57441
3.58039
3.2519
4.98905
2.50462
4.61613
4.41695
4.26145
3.97836
5.46527
5.77602
6.57188
4.47946
4.1468
5.8792
3.34987
6.12183
3.10082
2.29228
3.14729
4.03521
4.33079
2.52252
5.22851
5.00361
3.66346
7.2476
3.75194
4.25536
5.30115
3.35047
5.32555
3.28147
3.33474
4.24471
5.07075
7.29249
3.75219
1.98444
1.14062
4.15367
6.04045
5.74048
4.27921
4.98459
6.96173
4.16974
4.90916
4.5073
3.07432
2.65827
2.43187
3.03397
4.33232
2.72429
2.97707
4.21123
2.46381
3.7183
2.73319
3.59324
3.1067
5.01869
2.64522
5.24795
3.95136
7.33693
4.39693
2.6166
4.34844
4.08463
2.89497
2.45693
5.9846
8.63262
4.56995
3.52085
1.87724
3.69411
4.53525
4.97528
5.63452
2.99769
4.63823
3.03523
5.63203
5.43663
3.59584
1.95577
1.88461
1.20358
4.18906
7.38939
7.83706
9.7776
4.86602
3.93127
3.00449
1.9243
3.56178
2.24099
3.58761
3.4684
3.51356
5.54799
2.94032
3.50717
5.36455
5.89624
2.93675
4.58083
3.497
2.40742
4.75072
2.95677
3.34874
2.19721
3.30537
5.96957
2.99709
2.36749
4.82352
3.9016
5.0358
7.93654
3.6092
3.13101
3.47556
4.01607
2.50295
3.88711
3.39055
2.9004
2.11978
3.58922
5.75888
3.73762
4.11816
4.46246
4.27546
4.77934
3.70846
4.31396
4.47121
2.31365
1.71374
4.8597
3.9973
4.0945
3.64708
6.55948
4.35933
2.58486
2.02673
3.62398
2.01316
2.17215
2.11747
2.42669
2.3302
4.1359
4.1756
7.9459
7.87005
6.33421
4.80582
4.82651
3.53438
3.39717
5.79566
3.87118
4.52474
4.41715
3.21794
4.06185
3.71687
5.88748
7.94387
6.43988
5.23185
4.44579
4.45073
6.41229
4.15505
7.90383
4.36162
3.34854
3.40626
4.63739
2.26836
1.9999
5.72359
3.4675
7.4936
5.34913
2.75475
2.17821
5.11486
2.96248
2.40829
3.7739
3.62153
1.21143
2.52526
3.61397
1.22207
2.91842
2.18667
3.26764
1.36994
2.54474
4.69574
2.09716
7.31255
3.43529
2.25759
2.80933
4.8387
2.64968
3.31758
4.37594
2.89496
1.78661
3.18141
3.63948
6.1063
5.47053
6.05159
4.76151
2.70753
4.31853
2.69395
4.10158
4.48603
3.79153
6.93009
2.58818
3.24788
3.38931
5.8128
4.06483
2.73837
2.12761
3.98872
4.32641
4.70159
3.5371
1.59872
4.23745
2.95244
5.62401
4.422
5.18978
4.22054
4.78257
7.07564
3.22265
4.69346
6.47986
4.10902
5.74278
4.2106
4.21491
3.70909
4.51799
4.54039
3.71738
3.81494
5.61978
1.85227
3.29636
3.90052
1.64358
4.29225
2.00875
3.0074
1.93984
3.0162
3.23129
1.30388
3.28249
3.39712
4.9264
3.43738
2.85736
2.72567
2.98449
4.42925
3.94632
3.09708
4.77001
2.92337
4.52411
3.59087
3.4847
1.95224
2.81512
2.91779
4.93659
3.70947
5.7527
5.92655
2.75573
4.68518
5.16357
2.41162
3.75187
3.22216
5.94401
5.14339
5.87759
8.31373
3.95903
3.22174
3.5836
4.16393
5.76935
3.1695
3.76871
3.38379
2.41177
5.68184
4.39305
4.10653
4.60813
4.94072
3.53585
2.40381
3.1158
4.98889
2.90581
2.29194
3.64147
2.91792
3.88258
5.90902
5.26752
5.57111
3.6785
5.80293
4.28717
2.88203
2.45747
5.65223
6.40563
4.07865
3.20054
2.11558
4.35711
3.91592
2.44407
3.49754
2.53493
2.99932
4.33695
1.9597
2.72739
5.06254
5.21542
7.6245
3.80129
4.29556
4.41866
3.18496
2.69331
3.24359
5.02955
4.87396
5.54498
3.98699
4.10186
3.25257
2.35326
2.08047
3.06619
3.45306
3.40491
2.89043
2.32921
2.25353
3.31066
2.45224
1.9242
3.59414
4.69418
2.67987
3.64561
4.10591
6.14055
4.40345
4.00835
4.04507
4.63883
3.51722
4.36637
4.23298
3.75041
3.32065
5.83818
7.28599
7.77166
7.93053
3.1148
4.74617
4.76214
3.76917
6.36136
2.45627
2.99468
3.41106
3.18256
4.52664
2.64882
2.51175
3.72241
2.55107
3.59532
5.35255
3.7424
2.19605
5.33446
2.34141
4.86673
4.74386
2.53637
4.11925
1.96744
4.29372
3.73867
5.17357
5.40971
4.15454
2.85625
6.41286
5.82065
5.58826
3.84537
4.08845
3.25204
3.51561
3.16142
4.00843
3.07838
2.12587
2.32736
2.25042
2.59485
3.11527
4.0396
2.04387
1.4842
2.28981
3.9821
4.41596
2.56706
2.72856
3.41057
3.16774
4.58391
3.80185
4.36438
3.16774
3.18793
3.07108
3.26627
5.95743
3.7335
3.72994
2.55036
2.13923
2.81233
4.3953
4.9623
2.36162
1.84297
1.26863
2.30948
2.56379
3.80082
4.39115
4.94114
3.78774
2.55086
2.41627
1.95465
4.72545
4.33954
4.91319
5.78076
4.60147
3.3136
6.74929
3.47114
3.09232
2.77881
7.02732
8.6226
8.83206
6.45575
3.49115
5.36391
3.35672
2.64387
1.9586
4.22465
3.58893
4.54529
2.02709
3.60314
4.65355
4.84887
3.40485
1.51126
2.8017
5.67639
6.05983
6.41744
4.16277
2.86701
2.59528
1.95443
5.02059
5.53632
3.68072
3.29792
4.64642
3.27863
3.06301
3.39744
2.34506
2.76851
5.17545
2.29067
4.05379
2.77781
3.97573
4.56444
4.74415
2.38497
3.168
2.36608
2.83931
4.11582
4.20156
7.37033
4.01824
6.62854
3.83343
5.4355
4.02508
4.11476
3.42532
7.41272
5.20911
4.47235
2.53373
1.9513
4.33788
3.39091
3.11755
2.16865
1.67073
3.50006
2.85231
1.91701
2.32311
5.28297
3.26974
6.30483
3.36009
1.3042
4.78977
3.25567
3.19707
6.53817
3.45907
4.20184
2.20163
3.64718
5.81657
5.06307
2.06881
3.15005
5.59612
3.27904
2.20269
4.18451
4.62347
4.4452
5.02287
4.5103
4.62034
6.83018
8.57035
3.853
5.18241
3.3625
4.1289
5.5071
3.41932
3.65075
2.85858
3.41664
5.25027
3.41966
4.25833
3.9566
3.14955
2.34913
3.40383
4.28241
4.52711
4.08666
7.61251
3.78869
1.5478
4.35337
2.69468
3.14328
3.13186
6.58583
4.6565
3.4633
4.28922
6.68711
2.18674
2.29366
5.29808
5.42955
3.78827
3.31283
3.06976
2.91018
3.87073
3.83959
6.40933
3.83342
6.38258
4.19736
4.4072
2.23393
6.2649
2.66362
4.09206
1.60139
3.37785
2.96236
5.09669
2.61868
3.73831
2.52412
3.6309
2.54626
2.19606
6.39049
2.83491
2.83138
1.7524
3.23756
3.43665
1.44277
2.83939
2.24148
2.37527
3.73406
5.05661
4.64435
4.32499
7.35807
5.29058
7.0754
4.82669
3.26219
2.68261
5.3083
4.23946
4.12018
4.0896
2.48355
1.83404
2.12993
2.58153
3.4791
4.51279
5.36345
5.18807
3.43934
5.47288
3.02563
5.14765
2.22352
3.6529
5.78722
3.95701
3.74197
2.90708
1.51483
2.66648
2.34979
2.70657
2.19549
4.94537
4.00763
3.06118
2.78944
4.95835
1.93439
2.97537
3.96773
2.01794
4.52277
3.81212
3.01734
4.1229
3.99472
4.27676
5.15287
5.72916
5.24063
3.42986
3.59055
3.63722
3.30409
2.75008
3.83818
3.50631
5.30014
2.9855
3.22796
4.33946
5.6435
3.89021
3.89147
3.21001
2.88465
2.35075
2.82026
2.59923
2.8357
3.03072
4.92403
3.95209
5.32997
1.94251
3.28566
3.25785
2.36475
2.56925
4.10848
5.0509
4.03427
6.00919
4.64048
6.46607
2.75171
3.22675
3.75377
4.37694
4.81781
2.32268
3.89215
5.27687
2.98499
4.44441
5.06232
3.72073
4.58704
4.07573
2.21957
5.96439
3.48592
2.30135
2.15667
2.31762
1.94645
1.4489
4.33326
2.54077
1.70938
3.79204
5.71385
3.2489
6.42231
2.83113
3.03736
1.85411
3.75169
3.77471
5.58028
4.21624
1.54209
1.60329
2.94758
3.22247
2.07574
3.06638
3.33878
4.13811
2.6917
4.00425
2.28315
3.42433
2.41615
4.24459
3.23381
2.9048
6.27018
3.28808
2.33948
6.6702
4.57884
2.74363
2.48055
2.76233
5.28264
3.53921
4.76495
5.36353
2.81801
4.7786
6.1007
4.47345
3.35555
2.07451
3.87014
2.42931
2.46644
3.93519
5.05267
1.63729
4.2475
5.43471
6.98618
4.60477
4.50534
4.32975
3.20232
3.31534
6.20272
2.88854
4.7208
3.67875
3.6777
2.81984
1.83758
3.51654
2.31071
4.28491
2.62708
2.86477
5.26832
1.8868
2.05935
4.13643
3.36574
3.13076
2.20263
4.70329
5.57825
3.20314
3.04467
2.23797
3.32929
8.00274
8.3243
7.51245
3.64255
3.65818
2.77043
2.7397
3.83712
5.57075
2.8012
3.10949
1.92352
2.52355
5.01671
4.30121
3.15896
2.50253
3.05196
1.33639
3.29766
4.34863
1.93907
3.03689
4.28113
6.24585
5.96728
2.96355
4.27274
3.72905
4.44603
4.61039
3.34704
2.83257
1.74138
2.34833
2.32638
3.36159
2.25325
2.27523
3.47733
4.07697
3.03511
3.93545
3.52983
5.3229
2.4432
2.41465
3.62792
2.99841
2.64955
4.27211
1.78928
3.58113
5.84611
4.42227
2.85006
3.26834
4.85537
3.79123
4.47536
2.55617
5.12381
7.49043
8.28842
7.29824
4.01983
7.09742
5.13977
5.63973
3.56959
1.98171
3.10657
3.40279
3.59118
3.5796
3.37055
2.08105
4.7665
3.20691
4.43976
5.0527
2.97557
2.71125
3.18285
5.71492
4.58578
4.11869
5.19929
4.81765
3.12537
3.02869
2.50635
1.77061
2.37609
3.37516
1.30999
3.02314
4.75403
2.28244
1.99492
3.37702
4.95125
3.55498
5.22974
6.06417
6.07176
2.47003
2.82265
3.27192
6.07807
6.46506
5.23525
4.22665
2.90473
2.94846
3.74135
4.33723
1.63712
2.42859
5.10496
5.1383
3.54277
3.43138
5.48073
4.66213
3.6808
3.98339
4.33644
4.09198
5.52255
3.55458
5.04268
6.77251
3.09315
2.15209
2.04119
2.9419
1.78393
2.7012
3.06961
3.21941
3.56806
5.23265
5.78486
4.65812
2.83626
2.31417
3.53674
3.44074
6.42127
3.59726
3.85533
5.16729
5.57239
3.25964
3.74853
2.11288
2.31138
3.5838
3.76304
2.86015
2.35998
1.89723
3.59165
3.56784
4.37246
3.29865
3.07812
2.45762
2.80802
2.74985
2.35082
2.35478
2.12228
3.48475
2.68177
3.03785
3.18296
2.97437
2.54508
4.04911
3.78767
3.43554
2.18318
2.2853
2.39083
2.4337
3.36541
3.60695
5.22937
5.04318
3.75143
3.79273
4.80533
2.98718
3.37051
4.4273
5.80027
3.53609
3.25915
4.06849
2.05773
3.19299
3.69787
3.38008
2.58213
2.95949
6.96707
3.25941
3.57202
3.36949
2.95703
2.85734
3.08504
4.54871
3.90352
2.11075
5.75929
2.99868
1.78118
3.07493
2.7333
2.81066
2.14357
2.23859
2.65276
2.74158
4.41652
2.61893
3.52535
2.65623
3.44259
2.93343
2.92188
2.94857
6.19541
6.28784
3.44735
4.00103
5.03585
4.28883
4.11676
5.47626
4.12706
2.67323
3.6115
1.60945
2.05912
1.79973
3.76577
2.55105
1.6701
1.93128
1.95935
1.53739
5.8357
5.43081
2.48883
3.32335
3.06943
3.06664
3.61092
1.5147
2.12583
3.19978
2.86554
3.9847
6.20133
5.42769
7.55638
4.35574
2.14966
2.07713
2.72035
2.04891
2.88411
2.52113
5.17661
5.09065
3.07778
2.76604
3.89151
2.11547
1.7079
2.26678
5.35189
7.7786
3.60363
4.28331
2.28313
2.98024
1.89568
2.24477
4.1121
2.89228
2.1505
3.44546
3.6581
3.14919
1.85973
3.21696
3.77151
4.51155
3.98693
5.04535
6.91141
4.48917
5.00502
4.13478
3.40637
3.15054
3.93207
3.09009
3.4505
3.17502
4.08
2.40072
2.69093
2.84794
3.45711
2.18492
4.2385
5.13805
5.75546
3.00798
5.04471
1.98597
4.02687
3.48611
2.09336
2.90238
3.45079
5.52373
3.1046
2.41772
5.76433
4.14644
1.30261
3.97763
3.49928
5.49811
6.46616
2.5656
2.81722
4.39909
2.02863
2.11
2.58694
3.75228
4.15871
6.28335
4.62564
2.9538
4.4251
3.23638
3.31741
4.56048
3.12682
2.62706
5.82496
2.48403
2.74173
2.07745
4.86139
2.12079
1.70338
2.22655
3.16041
3.38411
3.63199
2.66838
2.55269
4.17415
3.14473
4.26285
2.7735
2.16372
4.23543
4.85564
4.50042
2.07723
3.8348
3.75361
3.57818
2.46641
3.20009
3.18536
2.5255
3.04716
2.40192
2.88078
2.12286
3.99062
4.65485
5.52842
7.65071
4.09527
4.35732
2.77811
2.97231
3.43192
6.09093
3.1849
3.22148
3.83756
4.99445
5.49982
1.90223
3.86723
5.78755
6.87815
8.15674
6.34725
5.05338
4.05999
4.37718
3.03509
4.41834
3.26613
7.13406
5.53124
4.80267
2.94309
2.40126
3.90433
2.09666
2.806
5.01761
3.48746
2.25642
3.35897
6.37036
5.00762
1.9445
3.31682
5.61895
4.255
1.74365
4.8726
1.73534
2.60316
1.842
4.24691
3.49624
1.96248
3.97338
3.61226
2.20549
2.27681
3.04733
3.44623
2.9719
2.01907
2.43134
3.44274
4.33499
2.55047
4.7856
4.99907
3.32772
3.66787
4.39842
5.20652
2.2469
2.83394
5.11908
5.64216
3.29488
2.40457
3.92287
2.76258
3.93659
3.65365
2.93772
4.57597
5.46902
3.43656
2.54938
2.4941
1.77653
2.68713
2.2976
2.13602
2.71585
1.58797
3.22307
3.96195
2.91529
2.98327
5.27122
3.82871
5.98757
3.79115
2.129
2.32093
5.89839
4.39613
5.6173
3.30464
4.45677
5.65855
4.23184
3.31603
3.77434
3.95456
4.46972
2.25347
1.77436
2.94079
2.35754
2.83311
3.45052
2.66279
3.06423
4.07738
4.47741
1.72719
2.32638
2.98828
2.21655
3.57938
5.26165
6.58185
4.37503
3.99513
2.74134
3.30037
3.52017
5.2254
4.48633
4.68114
2.89164
3.55229
3.21695
3.03976
2.95582
5.55533
7.45987
6.52398
3.94435
4.76731
4.36582
2.88287
2.66874
3.92588
3.09677
2.70075
3.79008
3.75774
4.09832
5.50672
2.23898
3.77663
5.42547
4.1421
3.45648
6.43743
4.94202
2.88396
1.52663
1.8285
2.54427
2.90374
2.88084
2.35829
1.73514
2.40878
3.0396
3.29583
5.04844
5.0049
3.90988
2.35836
2.48684
2.31479
3.25577
2.22198
3.29024
2.46654
3.58609
3.39198
3.22603
3.38319
4.79586
4.05445
5.84034
4.17836
3.83057
2.10013
3.25577
2.48303
3.59088
2.31758
3.68448
2.54715
3.14128
3.48987
1.81409
4.68506
4.08396
3.60326
2.572
2.28064
3.05417
2.84875
2.48265
4.39098
2.43404
2.21029
3.60571
4.19263
3.05205
4.10993
3.48216
4.29958
3.43776
3.89221
1.81957
3.10649
2.59409
1.6833
3.84955
2.34409
5.02403
4.08361
2.91985
3.91
3.5589
3.8907
3.40174
5.22744
3.32973
3.20935
1.77211
3.85118
3.15354
2.9066
3.10297
1.23852
2.53274
4.88696
5.63974
4.67596
3.50482
3.67065
3.62294
2.34653
1.71096
2.91393
3.07905
2.43915
4.5165
2.53986
3.13295
2.47518
5.04172
3.76471
5.02127
4.14303
4.5106
2.37388
1.99307
3.34266
3.8396
2.53878
3.63248
4.92355
2.66053
3.74826
2.13287
2.38604
1.95028
1.7188
4.24941
2.32734
3.72207
4.06471
3.61879
2.3528
3.09641
2.5954
5.99747
4.11553
4.02294
4.68364
3.40665
1.44775
3.25605
3.99539
3.36739
2.45645
3.79553
4.57369
3.31505
2.53223
1.76025
5.2806
2.78435
3.50019
4.96982
3.74014
4.57616
4.01258
3.90359
3.82897
3.52962
1.41281
2.25098
2.53885
3.20629
3.04332
5.01383
3.34773
3.529
5.35497
8.05534
3.47698
3.16517
3.67468
3.71694
2.69295
3.30283
4.97886
3.01637
2.93314
3.11351
3.90257
3.60595
5.66291
3.87092
5.17319
3.39313
3.61418
5.23946
2.29782
2.3246
4.05845
3.3976
1.21507
3.47269
2.04611
1.05294
2.66882
2.31603
3.05617
5.27593
2.74354
3.43696
4.05992
2.31624
2.73545
2.96258
1.93679
2.73129
3.51129
2.28225
3.13154
5.39351
5.30292
4.90572
3.01832
2.62628
2.15105
2.59658
2.83483
3.98501
3.83531
3.37498
7.25881
4.14201
3.00279
4.96998
3.57182
4.36635
4.72714
3.23869
4.20389
6.29163
4.17693
2.40349
2.41484
3.0537
3.63339
1.74197
3.57504
2.72648
5.55803
4.50314
2.15488
2.57846
3.48118
4.16205
5.30449
1.67643
6.4369
3.00881
1.84308
3.04743
3.68862
4.90267
5.18246
4.27262
2.18706
3.47765
2.26273
3.4877
3.61398
3.2551
4.52713
4.58942
3.80184
3.75766
2.64137
3.25538
6.76805
8.20033
4.4386
3.03204
4.49971
3.28099
2.60603
1.66205
2.75805
1.96224
2.52575
2.39154
1.81119
5.57748
1.93572
4.06816
1.93574
2.65631
4.02181
2.92863
5.67971
4.46769
4.13104
4.4513
3.06133
3.39003
1.94061
3.92151
3.58859
4.64646
3.33955
3.5581
4.96816
4.74889
4.26674
2.36068
2.57044
3.299
2.24239
2.04781
1.9275
3.00243
3.24723
3.01133
3.79882
3.22708
2.576
3.19571
2.4808
5.16783
4.02997
2.88154
2.10304
1.72104
1.70037
3.63725
4.44981
2.94862
4.03985
4.00944
3.27575
3.26857
3.73541
4.64809
5.06112
4.52821
2.78289
3.97278
3.39442
4.30336
5.61327
5.48372
2.20828
3.54344
3.07178
6.71194
4.12878
3.03951
4.94689
4.08511
3.21791
4.76568
2.00323
1.23647
1.62223
2.04634
3.75539
1.40341
1.58687
2.17182
3.51447
1.93152
2.48158
2.48149
3.69106
2.71859
4.95024
3.4571
5.45993
4.5301
8.279
3.77073
3.36376
4.14259
2.70632
1.68494
2.26956
2.07719
2.26037
5.11545
7.42238
4.57098
4.30357
2.9337
3.49579
2.96102
2.0352
2.01313
1.00005
1.3281
3.76706
4.35897
2.5296
1.58801
2.60061
5.51293
3.1025
2.70694
3.06627
3.8596
5.13606
1.54957
3.42341
1.90734
2.05547
2.77685
3.54964
3.32114
3.04791
2.40776
2.28554
1.60218
3.39309
6.19828
3.55733
4.51005
4.50522
5.98015
5.45218
4.80181
1.5245
1.06515
2.93717
2.73891
4.17516
4.45727
5.23811
4.90296
5.66037
3.02591
3.50116
3.24448
6.01388
5.16029
5.73176
4.38994
3.07904
2.51538
3.44083
5.7572
3.58867
3.8314
2.60087
3.92792
6.76448
6.3302
2.58979
3.40043
3.87254
3.05251
4.26884
2.34283
4.33334
4.04577
2.80662
1.35661
2.00981
3.58464
1.3743
1.92941
1.95221
4.76753
8.38896
3.01168
1.72279
1.48828
2.34638
2.9233
5.77939
4.51051
1.7595
3.26413
1.62301
4.06316
3.71409
2.9389
3.14868
4.93181
2.32106
2.51107
3.72244
3.48932
2.5115
4.37468
3.61644
2.30238
3.18477
2.89541
3.5779
3.61735
3.7727
4.36811
1.4814
3.12098
6.26519
4.39031
4.01635
4.23017
3.00596
2.14619
2.86777
2.51542
2.67139
4.6875
3.80572
5.35528
4.3282
3.03118
2.40936
3.17332
3.22108
3.51049
2.74799
4.05111
2.42372
4.92048
4.54434
2.722
2.90558
4.4203
3.19574
4.09156
3.94191
5.57925
3.50058
1.61703
1.15339
5.64801
5.47656
3.10314
5.03714
4.6487
2.38155
2.17162
2.82744
2.77107
3.66054
3.02237
2.23684
4.57981
5.50521
3.60715
3.09666
1.88376
2.67503
3.43998
3.34097
3.93347
5.29511
5.72121
3.14014
8.3795
7.4656
1.48516
1.45804
4.86634
4.49589
2.52892
4.51625
1.39488
2.83016
3.39905
1.79222
3.52067
5.32025
3.75415
4.71857
2.82593
3.3978
2.98174
2.49124
5.0734
3.46748
2.53863
3.18838
2.74434
2.55011
3.1911
3.59942
3.36622
2.31518
1.56913
2.21475
2.12356
2.98512
4.32775
5.02954
4.55743
3.96662
2.01994
1.80312
2.32312
3.42545
2.85311
3.94029
2.51009
3.17029
4.09624
2.42012
1.30868
4.53713
3.09864
2.52796
3.38309
1.88571
3.02165
6.02189
1.80717
4.73874
4.81903
2.08865
1.96385
2.40177
3.37648
5.97584
3.85163
2.29699
4.35032
5.11156
4.05848
3.47241
3.99508
4.73842
3.97403
3.93337
4.7013
2.25155
3.34352
2.21718
2.47868
3.04063
2.37324
4.61175
3.46108
3.01163
3.9365
5.6882
3.86449
2.29358
3.70617
4.55267
2.17278
3.70847
5.58308
2.8661
2.33575
4.53349
4.90552
4.11298
3.4838
1.93836
2.43224
2.57896
2.71451
2.76232
2.16366
3.17941
2.3022
1.67125
2.22907
2.46543
7.17242
4.8262
2.3548
2.04841
1.16976
2.36301
3.57283
3.09392
4.03562
4.48552
4.64574
3.03275
2.58174
3.52747
4.02201
4.65545
6.93123
4.82134
2.64874
2.73348
7.23515
6.31266
3.42633
3.98647
4.82727
4.26527
4.50302
3.84238
4.04452
2.11872
5.13365
6.40105
2.88697
3.73191
2.8613
3.99395
4.24293
3.24525
2.79323
3.99667
2.81155
5.8974
6.73247
8.37072
2.93583
3.19264
3.2585
3.05785
4.56019
4.45479
3.48696
3.31789
3.2181
4.47302
3.56105
3.49132
3.21659
3.98859
1.84856
1.82651
2.62465
4.47973
3.01039
5.70327
4.80212
3.07582
3.80011
3.24554
5.80066
2.80913
3.63731
3.55592
4.48148
1.88507
2.30819
3.40011
5.09589
3.16479
2.35338
4.1447
8.07649
6.10972
4.33766
5.53672
2.98463
3.71869
5.10902
3.59868
3.36704
4.26341
2.60829
2.3152
4.08499
5.70526
4.1703
2.77625
4.5157
3.84455
1.3536
3.01788
5.90937
3.06069
2.77045
3.03935
4.12547
3.3456
3.21302
1.79524
1.81936
4.11748
2.73514
3.44131
3.41369
4.58701
2.51881
3.03502
3.09729
5.74475
3.77814
3.41344
3.13472
4.00178
2.74679
2.9376
3.81654
2.68917
2.70333
2.51936
2.62805
2.34789
3.13184
5.46906
7.00427
3.19413
3.09761
4.39
3.46566
3.102
2.52433
2.26169
3.32252
3.26634
4.70542
5.6735
3.89512
6.38817
5.05758
2.41958
3.99469
4.8243
3.63558
4.69245
1.23515
4.04456
2.35431
1.49572
1.98664
1.22129
3.16931
6.20666
2.98885
3.22687
3.03515
2.12952
1.86213
2.4776
3.63995
3.06999
3.14373
4.08454
4.62307
2.85308
4.85017
5.40861
3.47394
3.05052
4.07769
5.10717
4.44268
3.54637
3.12733
2.84259
6.72919
3.80946
3.47332
3.21962
1.74575
3.51179
3.88816
3.82076
3.68599
5.89693
6.2561
5.30732
3.33747
6.39585
3.44868
1.71634
2.94892
2.33589
1.84191
3.14618
4.15114
4.10478
1.76953
2.02234
3.81518
4.18047
3.48882
3.5609
2.71805
3.41907
4.8925
7.68496
3.54779
6.37408
6.39769
3.53144
3.41943
2.81117
4.17436
3.24203
3.51977
4.83385
4.02333
3.35289
7.13792
5.23974
2.40343
5.63562
9.76124
6.5099
2.88235
3.21417
2.84098
3.31623
2.39622
3.89404
2.77665
1.48239
2.30024
2.65984
3.44891
2.01639
2.27418
3.60507
3.19753
2.7006
6.39785
3.55669
3.38786
1.65302
2.21567
4.43976
4.37654
2.9614
1.26018
1.8034
4.26477
6.59333
4.25723
3.72466
3.72115
3.54271
4.37067
3.87644
3.74313
4.32244
4.90237
3.73766
3.55947
5.11953
2.25386
2.72906
2.624
4.22049
4.48708
4.71169
2.11615
4.07942
4.68683
4.55497
2.80276
7.46959
3.60497
3.14054
4.39187
7.05835
5.91072
4.67539
3.49995
4.41903
3.46684
3.57046
3.49884
3.51961
2.30503
5.72316
6.51664
6.3016
5.66238
2.24177
3.89916
3.81548
4.12586
1.80997
3.62765
1.96386
2.12679
3.87418
3.98099
5.17033
6.06108
2.95172
3.99837
2.28021
2.65418
2.67523
4.16843
3.07345
3.47256
3.47963
3.64301
4.03853
4.70647
3.79217
5.34624
3.65302
3.30585
2.54566
1.47825
1.95439
3.12086
4.66804
4.72496
4.69372
2.57028
2.64043
2.85991
6.91315
3.9183
4.23023
6.51768
5.95052
3.46309
2.72502
3.79272
3.41605
2.66803
3.62054
2.68361
3.2034
2.3264
1.64479
3.17036
2.34242
4.17197
2.81656
5.01777
2.92261
2.31474
4.24788
3.31677
4.13385
2.88967
2.04875
4.88379
3.05501
1.47854
2.03758
3.75581
5.40167
3.49748
3.08532
2.70816
1.42972
2.88194
2.50612
3.52782
2.76103
7.70447
3.53359
4.07115
3.0153
0.97805
1.44647
2.45013
3.14274
4.94634
3.48288
2.75792
1.81663
2.28696
1.75627
2.9474
2.36185
3.44146
3.43621
2.29627
4.60451
2.07852
2.1188
2.83546
2.96776
2.62851
2.77211
3.19228
4.72957
2.83404
3.56332
5.01832
2.85688
4.67368
3.61581
2.88484
3.71851
1.48395
4.05061
3.06298
2.86432
1.39709
1.68969
2.28651
1.91213
1.90762
3.85299
5.78171
7.29991
2.90876
2.55076
4.11374
5.14686
3.19933
3.67454
5.06091
5.75063
2.14365
1.71412
5.76493
5.09217
3.0792
1.64438
3.35397
3.11902
3.41192
3.65297
3.10631
3.66374
3.45802
2.22961
4.57323
4.38766
2.56849
5.38945
3.65527
7.64058
8.21143
5.75613
2.29536
1.97935
2.85533
4.3957
4.52479
5.18274
4.21169
6.26617
3.84198
1.74693
3.34801
4.89231
2.3656
4.0134
3.13791
5.49273
2.44983
2.56197
3.46516
2.46676
2.91011
3.24666
4.73205
2.71354
4.56111
1.4093
4.31141
6.86382
4.89186
5.06518
3.39716
2.39725
1.54078
2.02037
4.6655
2.81055
2.10219
4.4222
3.41672
2.87951
2.55145
2.99504
2.1768
2.49885
2.69233
2.14068
4.2153
3.89449
4.55485
2.35485
6.73749
5.89333
2.31591
4.81715
5.01517
4.11608
4.27672
3.0438
2.05206
3.20157
4.16866
5.48628
3.94141
3.26256
2.21502
2.39134
4.01225
3.47299
2.02437
2.78175
2.63815
1.66888
3.5432
1.82358
3.53338
3.47423
4.64867
6.57917
5.1877
4.35226
3.02634
2.34542
0.568112
0.713806
2.18731
1.85023
3.2477
4.32772
3.60948
4.23166
3.65124
4.32882
2.82889
3.53661
2.91136
3.994
3.15265
4.03143
7.27036
4.8551
4.53138
3.41393
4.56309
5.09671
2.4802
3.83008
3.66913
3.02178
3.73653
4.31206
1.62989
1.99054
2.15711
4.07362
2.81285
4.77682
3.24783
4.26112
6.63492
4.15352
4.57085
2.69309
2.08619
3.85656
5.1098
2.71074
4.20052
3.01786
3.25017
3.74826
3.56567
1.53897
2.61005
4.63911
3.98855
3.67114
2.88063
5.41634
2.40031
3.31805
3.32457
4.10316
1.97043
3.63438
3.29899
4.91247
4.12002
3.56579
2.06852
3.01593
5.23955
3.07129
2.893
3.54706
3.19233
6.16301
6.47858
4.21791
2.7026
3.30852
3.31015
2.70452
2.44429
2.67688
3.51108
1.81612
2.62205
1.50221
2.52608
5.92165
4.65908
3.51939
3.42182
2.46553
1.64675
1.10312
2.93697
2.85099
2.35023
4.49782
5.19437
4.2558
3.27726
4.32462
2.17708
2.2483
2.70896
1.86153
5.32725
4.07455
3.46883
2.74242
1.75555
2.24218
2.69791
2.56579
3.14193
5.13971
5.25902
2.92554
3.14292
2.40907
2.77874
1.78649
4.56636
5.70483
3.12796
4.12145
2.29468
2.89021
3.86366
2.18996
1.94144
2.78745
3.70801
4.83718
3.31425
2.6984
3.57501
4.8326
3.99808
4.03585
3.42357
2.24107
4.65548
3.81825
2.90481
5.16879
3.93169
4.96943
2.69356
2.85601
3.18365
2.17088
3.02401
3.64826
3.14038
4.68986
2.03407
4.96295
4.92211
3.34351
1.92602
1.28353
3.81596
2.91807
3.16903
2.3258
2.75294
3.27646
3.605
2.14895
4.06941
2.93882
3.16821
3
1.87453
3.03026
6.94972
5.26454
3.01169
4.98853
2.92711
3.69595
2.50622
2.22242
3.15998
3.1311
3.55521
3.54962
2.18708
3.34043
5.2603
4.61841
2.8772
3.53965
3.41009
5.76331
3.79239
2.40552
1.51696
2.71052
1.73941
1.7511
4.50036
3.04115
4.27814
4.45501
4.72417
3.2753
3.4413
3.15421
5.33759
7.68006
4.61245
6.32216
8.98673
5.6145
4.90264
3.08774
6.00949
5.8377
6.99415
3.07295
3.39791
5.34984
7.16822
4.49216
2.95489
2.0792
3.75711
1.87502
3.51586
6.61084
5.73116
3.1249
3.04244
2.42037
4.9848
3.64795
3.6101
5.41826
7.80295
3.13984
3.43925
2.69199
2.28732
1.34636
2.75971
4.09672
4.09097
2.7976
4.13172
2.26902
3.26275
1.90522
2.67158
4.31257
2.69992
2.6643
4.22224
5.85057
3.1201
2.84329
3.28207
3.5717
2.6138
1.79279
2.89132
2.86883
3.55448
2.1371
4.4094
5.38553
3.9164
7.23162
3.41777
2.01492
4.54622
3.1801
2.80962
5.29947
3.65799
2.77215
2.29852
1.8584
1.8061
2.72207
2.79219
4.03904
4.57399
3.06158
3.00459
4.77981
3.97832
4.46072
3.91678
4.8562
4.26129
2.84566
2.15404
3.1969
4.82681
2.20623
3.61603
3.02665
1.507
4.42184
3.41301
2.51321
3.44715
3.73161
3.1354
2.34099
3.2543
3.70198
4.75793
4.00242
4.51739
4.30642
6.1884
5.17721
3.57695
3.01264
3.14444
3.02821
2.93095
2.86026
5.72187
3.3117
3.54412
2.93871
3.97383
3.71195
3.71231
2.27599
2.66123
2.99074
3.27539
4.62474
4.57748
3.82827
3.31471
2.12892
2.18448
3.47931
3.8759
6.67463
5.55004
6.20958
3.62183
4.59054
2.50503
2.71612
3.07193
2.39753
3.77518
3.45527
3.95215
3.76878
3.52027
3.81726
3.56167
3.10652
4.84826
5.28491
3.64907
4.03853
5.64731
6.29456
5.19863
5.47864
2.60878
2.45226
2.22462
5.28274
4.53475
3.34735
3.18441
3.06828
2.84341
4.55267
3.57461
2.26827
2.17582
2.99623
5.37749
3.47331
4.26842
5.71794
3.03809
3.71937
2.01484
4.91473
7.22932
6.9864
2.67263
3.08903
2.65663
4.49723
4.78491
4.61243
4.80434
4.49164
2.97117
5.57088
5.74603
2.92958
6.72949
2.88388
2.25077
1.56706
2.37773
2.60007
1.84539
1.67322
4.3624
2.79097
3.96915
3.50851
2.47803
2.92596
4.40816
3.96355
3.20241
2.36234
1.34314
2.88635
4.1057
2.47372
4.56509
3.82089
3.03854
2.98003
1.64229
3.2357
3.10424
2.60386
3.85526
5.33796
3.73359
4.52293
3.18001
4.69339
3.99787
4.83672
3.05607
5.6527
4.66795
4.1298
5.33047
6.08898
4.41625
4.89872
7.10084
3.31215
3.72591
4.08202
2.96208
3.09712
3.21908
2.96742
1.88201
3.61441
3.51895
5.02591
2.97705
3.01505
2.46109
1.54332
2.73643
4.57892
2.38334
2.68929
1.68126
2.3309
1.9593
1.75082
4.78453
1.58348
2.90417
1.91442
2.4937
2.21318
2.25839
3.46311
2.47137
3.45108
7.48474
5.42872
3.55551
2.04763
2.28671
4.72229
3.19117
2.90832
3.60056
2.25548
3.70646
4.03367
5.16028
3.65625
1.39553
1.89595
4.35817
7.90878
4.70317
3.65432
3.51784
6.44851
4.04533
5.80258
4.26875
5.84743
2.52777
2.16979
3.77113
1.88814
4.1664
3.70285
2.69492
4.0692
3.23704
4.17055
3.68705
3.03995
3.46365
3.69872
2.87579
4.36181
4.78042
4.10302
9.35048
3.97675
3.52683
4.63984
3.04378
4.8871
4.20357
4.91756
3.20759
3.22983
3.90056
2.31835
2.702
2.06444
1.80659
3.34919
4.8524
3.94148
3.66597
4.6886
3.86422
1.78611
2.3149
3.15753
5.59802
2.28471
3.57379
1.54389
2.41755
2.9319
3.61378
4.89496
3.10514
2.84064
3.17629
3.32292
2.80874
2.25478
2.44409
3.23049
2.19401
2.79216
2.49153
5.47676
4.85763
2.90384
2.60772
4.41164
2.95029
2.09414
3.48722
2.31143
3.43976
3.96375
2.97236
6.3393
2.77193
2.44483
2.59909
3.30428
2.74125
2.58927
3.34497
2.31871
3.637
3.83667
3.95671
3.82695
2.42491
5.12814
3.42591
3.18328
4.0628
2.04847
2.11509
2.24565
1.72433
2.82229
2.60784
2.65075
4.28123
2.43847
0.926642
1.77028
2.64669
3.29211
2.60044
4.67417
2.01104
1.76109
3.02388
2.63872
1.94818
3.70403
3.34384
5.80179
4.14763
3.78526
3.70498
2.87131
3.14996
4.5115
3.52289
4.11354
2.97494
4.76047
7.39343
5.10271
5.21028
2.34967
5.87789
8.1618
2.79353
2.24804
3.18983
3.39733
4.33332
4.22631
5.29317
3.43626
4.35569
5.13995
5.8503
5.66625
8.00989
4.24872
5.20766
6.74873
6.62125
3.52795
1.77637
1.87116
2.65427
1.53245
2.48116
4.11448
4.9601
1.65382
3.07558
2.35494
3.77106
4.39049
2.07556
2.71677
3.31748
3.13267
4.78889
3.09524
3.40921
3.78875
3.55852
4.30308
5.49181
4.65774
2.95345
1.35728
5.0458
2.99843
1.6098
2.83208
3.26662
5.35676
2.13661
3.14877
3.18921
4.45201
3.43577
1.74344
2.70736
2.69886
2.23756
3.32284
7.07022
3.28914
6.1251
3.16258
4.0151
2.88622
3.0447
1.54918
1.9239
2.15674
2.25493
2.23105
2.25675
1.98623
2.42825
1.83
2.02347
3.67313
6.22776
4.78464
6.22558
3.48572
1.82677
2.95843
4.60598
2.68504
4.3713
2.94673
3.13627
6.55181
5.32514
5.06715
5.09462
2.41476
2.53707
2.6785
4.84266
3.8814
2.40946
2.86324
5.17951
3.96955
4.54479
3.5159
4.36349
3.97455
2.65069
3.8384
2.09526
3.80327
4.29249
2.83009
3.97028
4.26703
5.80647
5.55877
3.83842
3.53701
5.95581
3.82818
2.87663
2.56841
4.56718
5.9118
4.05327
5.76778
5.50084
4.92307
6.58471
2.87122
4.42515
8.2449
4.66769
6.81527
4.38706
2.98143
5.42014
3.29944
4.53742
4.33305
6.0458
4.16039
3.14972
3.45325
2.27771
1.3828
2.20974
3.35624
3.82592
3.26451
2.74391
4.08543
4.26636
5.87079
4.99963
4.48283
2.71509
2.36867
1.43797
3.99725
6.28262
2.58408
4.06744
2.61353
3.14127
3.23941
5.61587
6.52474
5.83695
5.05531
6.0168
3.25486
3.47785
4.91112
9.59644
2.84297
4.09599
1.92118
2.48926
3.39975
4.07921
4.08763
2.66161
3.95673
4.20379
5.4586
5.55098
2.41712
1.2439
2.09294
3.15107
5.15048
3.28403
4.29566
5.29278
3.22033
2.40433
3.49854
1.86346
2.60029
2.80026
2.87175
2.9621
4.18179
3.14955
5.47587
2.84517
4.93078
5.52511
2.94666
4.09179
7.25419
3.62255
3.825
3.8523
2.53508
1.48648
3.16108
2.95204
3.56207
2.36658
1.86827
3.80163
5.85385
4.85207
6.90102
2.48097
2.68609
2.30089
3.5203
5.4536
7.75509
4.18701
3.05638
2.45394
3.92961
3.96575
5.97079
4.45075
2.14809
2.00092
1.52363
3.00609
3.49443
2.67263
3.29736
2.69219
1.53564
2.13312
5.93013
4.06164
2.80181
3.0145
2.37463
4.04724
4.70846
2.56745
2.39407
2.48665
1.76648
2.73887
4.05176
2.62715
3.60128
4.05839
1.72878
4.0956
2.01879
3.11338
2.16699
2.18748
2.11518
2.36178
5.35578
4.7294
4.70803
4.32953
3.64712
2.55727
3.22055
4.39933
4.42685
5.6794
3.61422
3.53449
2.95638
4.86169
7.22202
4.92344
4.62672
3.64166
3.79507
1.69781
2.62603
4.73718
5.95855
5.05336
4.10138
1.67713
4.44676
3.71577
5.0489
3.45433
4.22336
2.10422
2.52399
5.74015
4.86394
2.9704
2.08403
2.20799
4.22524
4.39772
2.16846
4.73135
1.6233
3.49459
3.52135
3.36495
1.87117
2.19136
2.2304
4.34124
6.69858
4.9851
4.24602
3.08078
1.64686
1.81824
4.70015
5.15214
5.00202
2.88009
2.64809
3.52209
5.07522
4.60396
2.49637
2.1445
2.49592
2.40596
1.97179
7.19192
2.69078
3.30595
5.03275
3.5121
3.09981
3.15534
3.03246
5.07344
4.32671
3.40527
4.01636
3.04731
3.33009
1.93147
2.50369
2.70053
7.07833
8.44975
2.58987
3.57308
5.93196
4.00991
3.04424
3.23105
3.80979
4.26829
2.96405
3.04738
3.26016
3.88809
2.24006
2.19381
6.14862
4.77023
1.85066
4.10069
4.62981
3.82641
7.12305
5.96044
8.01578
4.98652
2.27488
3.39551
5.24125
4.7809
7.58371
6.21282
2.38873
2.95985
2.25625
6.48713
4.61259
3.85944
3.96057
4.09077
2.77415
3.45569
4.33649
2.35633
4.7984
1.46523
2.40286
4.93713
4.42532
4.059
3.46853
2.62309
2.69519
4.06899
3.03772
1.48778
5.85649
2.75072
4.12758
4.78563
4.85473
2.32586
3.02984
2.22875
2.52747
2.58412
2.33321
3.25282
3.62098
2.5679
2.11315
3.39739
3.23636
3.43376
2.07697
2.90444
4.5778
8.65354
2.72269
4.63768
4.10791
3.32424
3.36009
1.3777
2.09107
4.09744
4.00465
2.99595
3.53726
1.87283
2.05049
2.41208
2.71971
5.74631
5.74546
4.97626
2.4666
5.79969
4.03051
5.06595
3.81315
3.20398
3.92622
4.83809
5.05184
2.87763
3.35943
4.4031
2.72973
2.62379
3.13216
5.22253
2.60357
3.07091
5.67352
6.20875
3.09349
4.91759
2.96671
3.09652
2.44099
2.97301
3.89291
2.51234
4.91147
3.02459
1.66081
2.29966
2.39563
3.34549
2.62695
1.63943
4.03266
2.9229
3.36834
5.66624
3.10009
2.88941
2.86737
3.41046
3.47558
3.34638
3.5228
3.71763
4.19453
2.73555
3.8801
2.91115
3.91392
4.25146
5.5519
1.78304
1.90774
3.26647
6.43844
4.08639
4.0442
3.92323
1.85446
2.24153
1.68487
1.49001
1.59392
2.3253
3.42363
4.24887
2.08661
4.41457
3.28888
2.45798
2.03394
2.84533
4.60232
1.8983
2.26113
3.21289
4.68962
2.35533
2.98369
4.08046
3.47554
5.62231
4.64682
4.13028
3.23669
10.4255
3.88872
2.73756
3.0544
7.00032
5.62252
6.86702
7.361
4.49778
1.53276
1.09409
2.74766
4.00736
3.48501
2.14167
1.00141
1.88785
4.58861
2.95065
2.27662
2.91145
3.29731
4.15282
2.59274
4.19788
2.89418
6.20599
3.44828
4.9141
2.94942
5.09944
3.9555
3.04217
3.00353
3.42266
3.67758
3.16944
4.40872
4.23938
2.70265
2.31905
1.85517
2.55457
2.65363
2.87637
2.55859
1.9066
2.79392
2.76182
2.8762
3.75701
3.60009
2.38743
1.69368
3.0115
3.21349
2.91496
3.06441
2.13098
1.82264
3.89493
2.29263
2.96035
3.19796
2.86899
3.4275
3.52694
2.25347
2.13803
3.75312
5.91297
3.92461
4.24543
6.4277
5.45621
5.22953
2.72242
2.34694
3.2592
3.80387
3.52351
4.47227
3.40363
3.15481
4.58126
2.1463
2.66622
1.87328
2.6142
3.25256
3.0831
4.59873
2.27942
2.47593
2.58528
4.57371
5.92568
3.66847
6.32983
4.80974
3.28361
3.2104
3.05283
2.27886
5.32322
5.93707
5.78791
5.82174
2.72755
1.90124
4.25393
5.26865
3.78573
1.66426
2.51558
3.51296
4.07261
1.56914
1.77655
4.01772
3.10583
5.0538
3.73689
2.96745
2.22763
2.62756
5.04467
5.21338
5.61127
5.37507
4.48162
5.96762
2.34537
2.78483
2.45625
2.14104
2.52464
2.12235
2.96672
5.0393
4.20923
3.3422
5.08787
3.67916
4.49599
6.16557
4.67888
5.38428
4.13826
4.26663
7.7172
6.2611
1.75398
3.5378
4.51184
3.59816
3.02492
2.90786
6.89059
3.66822
4.7424
3.17395
5.85529
4.96396
3.91672
2.80672
3.36334
4.7192
3.62968
3.55611
4.19793
1.89358
4.57348
4.16409
3.03889
3.01946
4.41161
5.97236
7.59715
4.61002
2.37197
6.41817
3.62232
3.71998
3.34658
4.08804
0.701997
2.34258
4.85269
2.3602
2.76339
3.03083
3.66271
2.47588
4.76247
3.54861
3.55113
4.37285
3.9293
3.96476
3.52036
2.3133
2.4157
2.89615
4.34839
2.27337
4.58129
3.33725
4.30441
2.39917
4.16851
2.78683
2.02028
6.10619
4.26996
3.05837
2.62168
4.06659
3.04791
3.26684
3.68079
3.17052
3.00461
5.1848
4.92074
2.95501
2.7471
2.46392
4.52129
3.65301
2.34806
2.3852
3.8688
4.7285
2.77452
3.23472
2.54974
2.64952
2.50528
5.08401
3.34841
5.68539
4.48477
2.41638
3.32963
4.19617
4.3644
3.12773
5.98805
4.60734
3.00504
2.43528
5.49362
5.08793
2.96646
6.42732
3.58334
2.46819
2.63293
5.29846
9.02792
5.72742
4.06314
4.17883
5.67078
3.52926
3.69084
3.27918
2.45956
3.64159
6.5228
9.92456
3.56854
2.45984
3.55465
3.29372
2.44284
3.85913
3.34098
2.45764
2.98802
3.33357
3.13246
3.67124
5.68965
3.59067
5.0943
5.50975
6.86439
4.05575
3.97596
4.52996
3.93001
3.13555
3.11368
3.54731
2.76139
2.55447
2.16146
2.79078
4.42349
7.30356
8.63529
6.17964
3.55789
2.90925
2.47855
3.20121
3.4129
2.48028
3.97671
2.97125
3.33143
5.04454
2.0219
3.12496
2.81185
1.95502
3.06725
2.88352
1.32716
3.53403
2.73761
2.17544
4.09456
5.41227
4.45258
2.60328
1.86667
2.25323
3.18236
5.01527
5.11143
4.78078
3.35674
2.68101
2.2272
3.16529
2.70241
1.94221
2.53805
2.14001
2.72759
2.18297
2.82914
2.38401
5.22339
3.78602
3.17897
5.1946
3.22545
3.70762
2.81363
3.0617
3.0415
4.46046
1.65648
5.60282
3.36809
4.01937
3.69089
2.95546
3.36187
2.18203
4.42805
5.37807
4.55859
5.05322
4.5734
2.97697
4.2237
4.22774
6.18018
5.17878
3.41814
5.90197
2.64798
2.39839
2.73551
4.84338
3.47872
2.97183
3.32616
2.91658
4.3085
2.86119
4.62549
5.86084
4.68237
4.67537
4.22356
5.75357
2.95041
4.06119
3.02778
2.59615
2.98721
3.08305
6.68267
5.45981
4.2405
3.90174
3.96726
3.8083
3.40966
3.80937
5.88068
5.71568
7.86997
4.40372
5.07883
2.31108
3.18074
1.48851
3.21342
5.44955
5.44756
5.05128
3.05416
3.94375
3.64706
4.73345
4.22751
3.78086
3.44342
3.42831
3.38802
3.4819
3.82437
3.87747
4.43996
4.99997
4.67886
4.68841
4.96079
4.35151
4.69399
3.36097
5.15203
2.9541
2.43169
3.09699
3.15377
3.18539
3.31547
3.57016
4.22115
2.94442
3.32606
4.37318
2.49422
1.6307
3.59325
4.098
1.50458
3.67499
3.71649
2.70514
3.61848
2.34496
2.52978
5.87721
5.34542
5.33564
4.44923
6.31864
3.68121
4.04486
5.40779
3.30123
3.7967
3.23646
2.40147
1.84826
2.71666
2.88065
3.49233
4.56696
3.22637
2.85779
3.49457
2.31412
1.34185
2.40637
4.85916
4.76142
4.62476
10.4377
4.92041
6.63845
3.38615
3.70768
7.82817
6.18662
3.65734
3.5854
3.90694
3.51702
4.47858
3.88308
2.52677
1.63525
3.03015
2.79308
2.06576
3.8377
2.32808
2.9961
3.72601
6.80705
5.95421
4.06445
3.62697
4.16181
6.66576
4.70872
3.90437
4.50638
4.62918
5.20828
7.02779
5.36133
4.83088
4.83703
2.67634
4.27604
6.86134
1.84748
3.41919
2.2702
2.4543
3.96394
3.79428
1.47796
2.50735
4.16029
2.7592
1.84292
3.43803
3.43766
4.33604
3.32612
4.16287
4.26845
3.46605
2.25365
2.10982
3.29209
3.5881
5.82673
3.89471
4.5362
2.98506
2.5314
4.14408
4.6375
1.94715
4.35179
2.64263
2.7086
2.85695
3.2682
3.9187
2.94545
4.5659
2.65742
4.76526
2.44876
1.69028
2.41846
3.34541
3.15984
3.21062
3.71104
2.44622
1.32041
3.11052
2.06408
2.13411
2.01662
4.21359
5.03605
5.83162
3.25809
4.08588
5.97019
5.03913
2.33766
2.53677
1.71459
3.24306
2.87288
2.6633
1.98058
2.51218
1.43508
2.82166
2.55694
1.88564
3.07737
3.54927
3.092
4.10611
3.55852
3.19067
5.86335
3.12912
4.32541
4.33121
6.4532
4.5824
5.94748
8.32713
9.84209
6.36008
3.90619
4.38464
2.51405
1.76114
4.09597
3.67946
2.45874
2.7713
1.81116
3.50988
4.62131
4.13928
1.83957
4.19797
2.27058
2.78263
2.70976
3.65974
1.74036
3.8164
4.23308
3.97209
4.21248
2.76735
3.40574
3.41041
4.30487
2.64556
2.69341
4.31419
6.67024
3.58563
4.71221
4.20994
2.91052
2.77291
2.29148
1.82568
2.20042
2.99156
1.70609
2.17836
5.69619
5.25409
1.94021
3.15792
3.91823
4.18295
4.63901
2.89221
1.24199
3.48631
2.27587
1.62459
2.15343
2.55722
3.66344
6.40175
4.13245
4.79649
3.18406
3.53809
1.72827
2.60431
3.42314
3.22389
3.7876
3.17652
2.18949
3.70404
2.0603
3.19248
2.04158
0.449324
2.10138
3.47358
0.912652
2.37555
1.81835
4.23982
2.82396
3.93952
2.95481
2.92622
2.45749
2.76097
6.49043
5.05049
2.7778
2.87352
3.69275
2.75818
1.78499
3.70202
3.84946
2.71229
3.13566
7.98975
5.52856
4.90709
3.66566
4.24821
5.61369
4.73744
2.51024
2.70017
3.70308
3.19366
2.71124
4.10336
3.88774
4.68278
4.74123
5.63748
4.16032
3.43794
2.0956
1.5495
3.28888
2.92904
3.18518
5.44965
3.74796
2.44551
4.86521
5.26872
2.93306
2.2882
1.92153
3.54439
3.34773
2.7568
2.90807
2.4736
4.79673
4.80908
3.25962
3.88536
4.04557
3.0656
2.26817
2.21759
2.2338
3.87759
4.38833
2.95922
2.06571
4.4349
4.04454
3.03625
2.47215
3.33884
5.99979
3.5224
1.53013
2.17518
2.07913
2.26209
1.45753
3.04301
5.8253
3.41835
3.62008
2.79062
2.84102
5.61625
7.79412
3.27791
2.53652
4.26413
3.25627
1.89303
1.93172
3.95301
2.01673
4.13229
4.53425
3.15216
4.91759
4.4791
1.77947
4.27563
4.41436
2.02609
2.9693
1.8829
2.39926
2.51921
3.24102
7.57649
3.08869
3.03845
6.8759
3.65246
3.36122
3.14771
3.28633
4.37531
5.95355
3.84183
2.34545
3.95398
5.08585
2.46894
5.78266
4.54666
2.33132
1.65077
2.8733
3.38329
5.46892
2.0283
4.71401
5.10357
5.97279
3.58813
4.3184
3.1463
3.49219
4.7714
3.52529
4.95868
3.36324
2.251
3.22948
7.0748
5.86352
5.72396
3.85061
4.22127
3.23496
3.39494
2.39909
3.6957
5.20978
4.50514
5.36381
4.8239
4.61728
2.65645
4.31449
3.18901
2.01022
3.06171
3.21832
1.66232
2.59722
5.3651
1.90203
1.55751
5.08657
4.80678
6.20549
4.91419
7.934
2.693
2.59142
3.88528
3.55376
4.3671
6.56424
4.71131
2.96175
2.57756
2.57814
2.70843
2.37094
2.81873
4.45383
2.19762
2.8427
3.01258
4.45197
3.02267
1.09306
2.23485
1.96125
4.38455
2.26201
3.38361
2.09361
2.90504
3.55781
4.25804
5.26357
3.48149
4.28951
3.93339
1.73851
4.17847
4.2987
6.06348
2.19803
3.15412
2.42105
2.59642
2.89017
3.38579
3.24368
3.04677
5.04971
3.17986
4.43783
2.21228
3.55616
4.45222
4.78936
4.61042
4.29068
3.79892
2.41066
3.37495
3.41995
2.81973
3.6762
4.42176
2.20665
1.85833
2.48027
2.6522
2.44615
1.45137
2.27624
2.54217
2.73398
2.75915
3.62441
3.56271
3.40707
4.07936
2.46747
5.19393
3.72333
3.67026
5.66851
4.47059
6.18368
2.01122
4.59719
3.61141
4.0609
1.40494
1.79066
2.85168
3.92262
4.41305
1.56498
3.6492
6.28562
3.68107
5.03735
6.14624
2.20932
4.208
3.78312
3.85813
2.74432
4.71943
3.8668
2.04654
1.38031
2.22529
3.98938
3.15314
1.56406
1.36798
1.38665
4.43448
3.56119
2.77298
2.00496
3.2779
2.43514
4.12666
3.6983
3.39114
2.07103
2.78624
5.02897
2.02898
3.50497
3.11737
1.8203
1.93004
4.93327
5.71504
2.8184
4.05022
2.8564
4.2501
5.84811
6.24854
2.93236
2.12993
4.66966
5.85282
3.32974
4.21649
1.84674
1.51203
4.09146
5.20574
2.6981
2.60162
4.07892
2.8116
2.13286
3.7324
3.49641
4.15825
2.11769
3.84029
4.11956
2.73333
3.14038
6.20553
2.92869
3.52746
5.34671
3.73057
4.32749
1.98634
3.19599
4.16437
3.09728
3.70798
2.30511
4.40736
4.05436
4.49131
6.96427
7.2708
5.58183
6.70665
2.75278
5.09987
3.4082
2.63002
2.75324
3.53441
3.10056
2.47168
3.52086
2.16728
3.04069
2.7888
2.7956
3.32727
5.78813
6.71159
5.54634
2.33445
3.14029
3.75185
5.00843
4.95623
3.53197
4.50736
2.42817
4.03507
1.92844
2.47283
4.48374
3.13912
3.61593
3.53972
2.73508
5.11604
3.82021
3.78032
1.81241
3.1807
5.35187
3.01825
3.02312
3.41132
5.03633
5.15791
9.69148
4.72565
2.9998
2.7328
2.93959
3.77536
2.77899
5.80465
3.985
3.70057
4.4866
2.24038
3.55498
2.52981
8.18551
3.96871
4.53206
3.49974
3.18868
2.83772
3.57278
2.70461
1.45618
2.90404
4.59669
2.90199
1.95964
2.78134
5.02257
2.77467
3.58107
3.4059
3.53009
4.36416
2.76554
3.27585
4.39362
3.83185
5.76218
4.05011
6.31717
1.17942
2.68974
1.91021
2.45772
3.07938
2.94234
3.34607
3.76762
2.59911
5.10898
5.03801
4.84615
3.74508
4.11087
6.77683
3.88569
6.26371
4.0257
3.23247
3.31877
3.51392
3.04425
2.73649
3.74992
2.39035
1.78469
1.68747
2.80764
3.30515
3.7444
3.60112
2.99676
2.15233
1.25012
1.7866
2.51716
4.56376
2.8529
1.97804
2.72855
2.6545
2.93545
4.57117
3.61914
2.97985
1.73396
2.30428
1.9051
4.23519
2.59073
1.94226
2.60493
3.8024
7.08936
5.1459
5.16801
2.55572
3.98286
6.97054
3.50647
2.70792
4.80728
1.93275
2.82084
3.11936
3.37021
4.76473
2.83514
3.90052
4.0064
3.85869
2.38166
1.42427
2.17804
2.01273
2.50453
2.79387
2.61552
3.29496
3.5772
2.36738
2.40506
2.24462
3.77609
5.08888
3.16809
4.45836
5.40401
3.3244
2.1385
1.66186
3.9714
4.94541
4.03059
2.5379
3.02381
6.43048
6.94773
4.59602
3.5049
1.13258
1.72227
5.49626
8.34829
6.64536
6.94731
4.68428
4.17349
6.69549
4.19718
3.15484
2.4934
2.09983
3.09089
4.10085
4.53072
3.97519
3.18374
1.54424
4.01075
3.59288
7.37387
4.24599
3.08969
5.05808
4.04006
5.06674
2.38697
5.18173
4.06399
6.40663
4.50418
3.69719
8.73111
4.33624
2.92391
2.96025
4.50636
4.21323
3.77587
8.1665
3.0655
3.1203
4.65868
2.89917
1.67994
2.04072
2.58205
2.07615
2.6813
3.28471
3.8854
4.66618
3.30427
3.23991
2.91303
2.33993
4.62495
2.48027
3.06533
2.90228
3.48207
2.12776
2.24383
2.10781
3.28206
4.06294
3.25067
2.76947
3.03949
6.10379
3.97565
2.0829
3.47263
1.89122
2.20614
5.01818
2.66703
4.69832
2.5921
2.91703
2.29488
1.01865
3.26932
1.81992
2.69006
3.33651
4.22668
6.43994
8.89369
4.34982
1.72444
3.05096
2.50487
3.7963
4.10203
3.25765
3.42708
2.81021
5.65647
3.31849
2.57627
7.40041
4.18211
2.7201
3.47234
5.50736
3.38792
2.32244
2.55851
4.82313
6.61805
3.72667
5.24319
3.77418
2.08826
2.52942
2.33034
3.8896
6.32278
4.00943
3.95567
6.53149
4.44689
3.91778
4.25088
3.93509
3.93551
4.96174
1.16919
5.13581
5.98985
3.97502
4.04831
3.58803
2.94567
5.41785
2.26485
5.3485
4.54395
6.13415
2.29072
5.01133
2.24388
2.84654
2.58165
3.69824
2.3947
1.87796
2.86434
1.4774
3.29674
3.6579
1.85435
5.31338
2.58884
4.66596
4.01453
5.05277
3.90214
5.02466
5.67135
3.73255
4.33418
2.44461
8.33727
3.63304
3.68114
5.49637
4.25766
4.03109
3.9721
4.21402
2.38885
1.70291
1.16254
2.31265
2.239
2.15919
2.28071
3.98628
3.72416
4.54598
3.52603
5.12532
3.6678
7.79124
6.21858
4.97361
4.34135
3.53604
1.50637
3.12834
5.02393
3.7602
1.47577
2.58462
3.43941
4.12337
4.34691
5.89482
3.60024
5.15055
3.15208
4.3725
4.40221
2.98306
3.8103
8.09869
6.42468
5.12982
3.05584
4.76182
5.78395
5.42375
5.16809
5.88863
5.76331
6.97399
3.92458
2.10533
2.89879
5.19741
2.39295
4.24357
1.23538
1.41092
2.86164
3.96621
5.64314
1.68802
7.04577
2.31444
1.99124
3.14473
1.87041
3.14699
3.92788
2.17846
2.0969
1.49495
3.2576
2.24699
2.79467
3.06432
3.07071
2.90284
4.71589
3.01256
5.82573
4.85649
3.66728
2.28573
5.24707
3.14269
2.25838
4.88836
4.51482
3.73444
2.22608
2.74591
3.5139
4.00253
5.07212
4.51302
2.45928
2.00257
3.03186
3.65647
2.9153
2.68725
4.76085
4.32414
2.65036
2.38802
4.36836
3.36261
1.62922
2.90567
1.8123
1.64824
2.47169
3.61404
2.02552
2.37821
3.23289
5.16175
1.70827
2.37854
2.02375
3.43791
4.09945
2.92939
2.60481
2.39885
5.78987
2.49443
2.86537
2.9566
5.72852
4.56309
5.34246
3.29879
3.8644
4.00832
5.2671
2.76438
2.52883
2.83928
3.61953
3.69975
2.27394
4.54381
3.04838
4.77652
4.62453
9.1767
4.93935
3.12289
3.51976
4.08904
2.34319
1.65732
2.90694
3.91294
2.67084
3.53756
1.64867
4.42072
3.50389
3.12462
5.07899
6.12652
8.87898
4.67202
3.52758
2.65107
5.22675
4.49534
2.95837
3.59226
3.36332
4.41432
4.6614
4.94733
5.41906
5.4671
3.73399
2.45355
3.76468
3.71603
3.62071
5.56421
2.1373
2.40963
4.3403
2.13174
4.07451
3.6392
3.09241
6.09485
2.4861
2.51878
1.10182
1.9321
3.47938
3.57611
7.37631
4.82474
4.56552
4.20496
2.27249
1.73412
2.56618
5.16005
2.25483
2.38251
3.80303
3.35006
2.60362
3.51044
7.04757
3.71445
2.42265
3.40304
4.52334
3.33806
1.96668
4.64171
2.44304
4.58213
3.27807
5.6151
3.75829
4.13133
5.51576
3.04863
2.20936
3.92136
3.93755
3.51067
3.03418
4.07494
3.4916
4.58213
6.06099
4.16028
4.46138
3.95088
4.26564
5.4801
5.17604
2.69795
2.35692
3.82409
1.12393
1.45611
3.47326
6.14515
3.59159
5.42864
4.85139
3.18017
4.57072
7.20703
4.40877
5.75045
2.86264
4.02196
3.99614
4.37591
5.36424
4.40333
6.15669
3.77907
3.65437
2.61897
2.73781
2.08517
4.4018
2.58246
3.4923
6.08286
3.76915
6.44032
5.28885
3.03878
3.57314
2.61026
3.59502
4.11668
4.72075
3.33582
2.43376
5.78651
5.25747
4.31822
4.74268
3.74973
2.51852
2.06222
2.18604
3.01545
2.11528
3.23098
4.36824
2.54344
3.03767
2.44103
2.51523
2.5354
2.50944
2.05266
2.06129
1.71792
2.21319
3.08729
3.13723
3.55214
4.21984
5.19267
4.86809
3.95586
5.82468
3.69016
1.67804
2.98225
3.93128
3.51326
3.38996
2.93872
5.54778
1.41354
3.81944
3.60931
3.05564
3.50027
1.56867
1.9176
2.56441
3.61495
4.17947
4.81268
3.85259
2.40406
2.34936
2.02095
2.19185
3.97069
3.7103
4.46182
6.00764
4.7879
3.89557
3.49589
3.19043
3.19745
4.02151
3.20062
3.82474
5.70892
5.06916
5.67492
2.57519
3.4759
3.11148
2.75014
2.13161
2.48231
4.1671
2.23607
4.68679
6.19241
6.11519
4.42011
2.6796
4.7967
5.501
4.35204
3.51561
5.46286
2.02849
5.68898
3.54605
6.01074
3.70817
4.9289
4.21208
3.29273
2.29552
4.694
3.67923
2.86817
5.14357
4.72135
3.52362
2.4431
4.3932
4.10188
6.7613
10.594
4.39486
2.53578
3.71297
1.89255
3.79895
2.59957
4.65693
1.79949
3.68829
2.79377
4.78252
7.18592
6.22324
2.88276
7.38503
5.61294
3.74479
5.40964
5.49381
4.63202
5.44393
4.30938
2.53431
3.26081
3.47485
3.50455
2.24238
2.34007
3.48561
3.41749
5.70384
5.11717
2.36339
3.20814
2.22972
3.98282
5.477
5.68625
4.93892
2.63731
3.81406
7.42983
4.16519
2.34264
1.81464
3.77033
6.81655
7.04584
4.2376
4.54491
2.58838
1.69984
2.44851
6.13394
1.81979
3.3068
2.74025
1.65458
1.72269
5.18062
2.1796
4.27808
3.14825
4.21766
4.90766
2.4807
2.38834
3.64177
2.63385
2.24395
2.7274
4.99238
2.08996
2.99945
4.89535
5.61702
3.13607
2.78318
2.56008
3.49094
2.54836
3.50659
4.11509
4.31832
3.12594
2.79961
1.60243
3.71568
3.2919
3.11714
6.12198
2.42993
3.39372
3.33851
3.38582
5.94337
4.10369
2.81016
1.54081
2.00896
3.80572
4.31852
3.40287
4.31033
2.28719
1.95715
4.39242
3.51192
5.63006
2.94412
2.13454
3.1039
4.01634
3.30679
6.67149
2.84136
2.88642
2.27289
3.54698
2.6222
2.09008
2.70467
2.57628
2.3069
4.9535
3.20793
1.08386
2.08927
3.98281
3.23634
2.10273
4.11444
6.65196
1.93492
3.60935
4.61447
2.23388
2.71423
6.52223
3.76276
5.7349
2.521
1.5698
2.65056
2.64541
3.14118
3.80255
2.9334
2.41222
2.20316
2.06754
2.89421
2.73706
2.81967
2.23012
2.51077
2.11028
4.55253
4.92069
5.0232
4.41804
6.2087
4.6255
3.0056
3.35966
4.00693
2.70563
2.71001
2.46216
2.04706
2.11677
2.94071
2.13679
2.30133
1.81319
1.97013
4.5242
4.96271
5.85535
4.09648
3.51534
4.16148
5.20065
3.33455
4.0736
3.78742
5.48939
2.05887
4.81258
3.31618
5.17785
4.55999
4.77455
6.51323
2.84325
5.54174
3.4028
3.87248
5.05281
2.02393
3.65516
4.03802
2.02479
4.66099
5.73424
3.86036
2.3513
5.0245
3.45773
4.70844
2.16055
2.52452
5.02973
4.83947
2.263
2.52888
2.61195
4.59022
2.34758
3.45578
2.19746
3.87241
2.69378
2.66549
3.64932
3.51471
2.80598
3.30904
3.58382
4.40532
1.97802
1.41848
2.49895
5.91588
3.93016
4.55679
4.3208
3.65599
2.93667
4.26006
3.04059
3.36743
2.4386
3.34373
3.8032
2.27627
3.52897
3.02651
2.81019
1.58707
3.61367
2.50216
2.85114
2.99913
3.29308
3.40956
3.72704
3.53597
3.42851
5.03686
4.14302
4.10243
4.25572
4.34387
2.81052
3.96798
2.29188
3.46475
4.20972
4.44002
5.82067
2.6016
4.51714
5.08215
3.62647
4.28214
2.73671
5.15954
3.6242
4.12677
2.79468
3.93727
2.21498
1.7544
2.09135
2.86876
2.17809
3.18317
4.3877
4.81687
5.14922
8.82042
7.46322
7.44707
4.76054
5.14051
3.74624
4.93044
2.25284
1.94062
2.95702
5.44746
2.54017
2.15203
5.09983
6.41619
2.69578
3.79053
4.26452
3.00065
4.21231
2.03419
4.29004
3.89995
4.68324
1.65022
1.80909
2.91854
5.65832
5.62401
3.3353
2.88648
3.50979
2.35941
2.37875
3.16696
5.68641
1.9697
3.86201
3.33497
3.40838
3.8207
5.0129
5.54007
2.95198
2.66944
3.08246
5.39116
2.43556
2.05883
2.86307
2.39468
4.5994
6.61173
3.79528
3.43837
3.17439
2.71979
1.54458
2.47926
3.57361
4.1275
3.42793
3.03695
4.62287
6.86542
5.04234
3.08165
2.62264
5.31877
2.2326
4.04013
1.81189
2.87069
2.86001
1.64488
4.93143
3.21399
4.02653
3.00455
2.53489
2.17446
1.79915
2.06272
2.74659
1.73065
4.13248
3.6178
3.61436
3.3923
3.00793
5.5373
5.51766
5.60985
3.55643
2.93621
2.48614
2.86307
3.68147
2.88283
4.56562
3.76765
3.85725
2.68701
2.8981
2.13089
2.19459
1.69856
2.21326
4.56751
7.64671
5.11811
5.8286
3.50189
3.93301
4.10414
3.64162
4.10242
4.56064
4.84635
2.91169
2.54484
2.86647
2.75959
5.13227
5.51623
4.22786
3.36141
1.74429
3.26759
3.31804
4.15902
3.00519
5.0953
3.00598
4.26023
5.00964
6.12628
6.92851
3.42376
3.68759
2.75712
4.64542
1.00114
3.07727
3.62097
3.73223
5.41619
4.91046
3.8696
3.20887
3.30331
2.44674
2.09844
2.09795
3.53808
3.92117
5.70878
3.75149
2.16374
3.00561
3.28654
2.80801
2.31399
3.35275
3.18781
4.81697
1.89249
4.01696
2.983
3.82041
3.54458
5.11072
3.19906
3.86616
2.66935
1.92789
1.88076
3.35781
3.37964
3.36088
5.35385
3.03079
3.92234
2.60364
5.82225
2.22872
2.07147
4.14469
3.2895
1.72304
2.6515
2.72442
5.50322
3.59927
5.2833
7.86711
3.41429
3.59636
1.84506
2.08904
4.85191
5.51862
5.76591
6.9037
4.75008
5.10859
4.33936
4.36042
4.04443
3.37379
7.76357
3.93124
3.5609
1.98834
3.21943
3.87824
4.10631
1.94676
2.78533
3.03286
1.80576
2.51171
1.26804
3.66324
3.45396
4.48694
2.44975
2.00714
2.32405
2.50401
2.49625
4.02081
3.05622
2.43285
3.58975
5.20624
5.14491
3.29436
4.88144
2.21162
3.19307
2.81504
2.85677
3.56923
2.97618
5.79414
3.7743
2.71233
3.38117
3.86106
3.96593
1.72897
2.77126
4.7251
3.15746
4.09863
2.67495
4.21761
3.31536
3.86637
5.14145
7.25633
5.33047
4.57561
6.05183
2.77028
2.08624
1.90669
4.57165
2.69997
2.67677
1.79537
3.42468
2.94063
3.31077
2.11437
2.27768
3.80278
2.50646
2.20268
6.2583
3.93178
4.81575
3.53692
5.24063
2.94912
3.78157
5.79602
2.99154
4.35489
5.8509
4.49806
4.43194
6.44398
4.33251
4.46018
3.27996
2.66717
1.49322
2.79347
1.88718
3.28944
4.73651
2.89894
6.51723
3.29841
4.41284
4.95055
2.51032
2.48744
3.21515
4.89519
4.05063
2.33536
4.73956
2.22016
2.36266
1.09506
1.45838
2.00731
2.54434
4.2207
4.50122
2.84703
3.22365
4.09062
3.67202
1.60599
2.20505
1.57203
1.69581
2.84257
3.63607
2.70031
3.45888
3.69593
5.00582
5.27941
5.59794
2.05642
1.37798
3.42092
4.20873
4.37009
6.17125
1.56794
1.66959
3.02865
3.85201
1.6948
3.18837
2.40883
3.93822
2.83045
6.86515
5.05155
4.69178
2.1222
2.76104
1.65872
3.39708
2.9676
5.40448
3.42997
3.18266
3.0269
4.17345
6.77671
6.74572
3.73493
4.49525
5.8315
2.52947
2.9744
3.36318
1.60322
2.51622
1.42476
3.38578
2.59352
2.85612
2.55375
2.17732
2.4166
3.09709
2.99358
3.19409
3.40107
3.33682
1.72914
2.15674
4.8273
2.62701
3.51901
3.11409
3.89166
4.54369
2.96161
4.23959
1.87836
4.54152
4.12665
1.24666
2.75089
2.84454
5.54374
1.80666
2.20819
2.20619
3.15929
3.81287
4.48167
3.51237
4.19634
2.0572
1.36257
1.48341
3.03422
3.34127
2.90787
5.72087
4.79557
2.24062
3.92626
4.08958
4.61363
2.82134
3.19808
5.15872
2.76115
2.90289
3.17476
2.96001
2.08213
3.05801
4.23026
3.41843
5.86772
4.18359
5.93691
6.1212
3.04609
5.05826
3.25195
4.41965
2.09483
3.60509
2.18602
3.17633
3.96241
3.3456
1.91463
1.98435
2.95532
4.99048
3.33229
2.42067
4.25841
2.50988
2.13355
3.67795
5.44895
3.38658
2.96555
3.9398
4.83701
5.83585
7.57659
3.27799
3.41803
3.13378
2.31853
3.06746
1.94874
2.84306
2.86367
1.7891
2.70789
2.44258
4.45358
4.18001
6.04134
5.63546
4.98957
2.77797
3.7933
5.81055
3.94876
3.91091
3.69606
8.97227
4.8613
3.18683
2.54386
3.44113
3.44331
2.7056
3.92076
4.78246
3.35164
8.17439
6.09841
5.54682
4.75697
3.63155
2.72688
2.92579
3.09109
2.44751
3.39232
3.22815
4.86541
4.71724
4.06657
2.37424
3.98978
3.82761
3.22137
3.16864
4.79927
5.01104
4.79124
4.91324
3.09827
3.70801
1.79867
2.97064
4.09083
4.24225
2.12425
3.15867
2.99474
4.01156
2.02813
3.18067
2.95077
2.73973
5.26371
4.83342
2.83812
5.98588
3.22156
2.01376
2.57351
3.85404
5.03262
4.78869
4.74757
2.625
4.09746
3.2652
3.36314
1.85165
1.92864
3.34261
3.86303
3.80358
3.49467
1.93194
4.68058
3.798
4.01247
2.82953
3.95817
3.4911
2.59325
2.1731
1.86205
2.41734
2.51339
2.58708
2.08242
1.92158
3.30998
3.89178
5.44093
7.15419
5.44554
3.62503
2.52761
1.64161
4.22063
4.28767
4.78582
3.27503
2.03051
2.6765
3.39045
2.97022
3.07329
7.87353
3.69856
4.14985
4.53389
4.38393
6.17477
4.69908
3.21376
4.14846
3.03832
5.33896
3.21666
3.67731
5.84718
4.53974
3.47714
2.01956
4.37107
4.80102
6.90414
3.02201
3.66441
2.21011
5.07873
4.00666
3.99174
4.29383
4.64253
4.14031
3.0541
3.5569
3.25428
1.64591
2.8483
3.59929
3.44742
2.82287
2.94879
2.96935
3.80907
3.94799
5.00657
4.41762
3.02594
3.87447
2.56912
2.62896
2.95372
2.47918
2.74239
1.81925
4.6729
6.2769
3.97676
4.8688
1.64414
3.33946
2.45476
4.80809
4.04472
3.51297
2.4323
3.17891
2.76138
2.58842
3.5147
3.54488
1.71749
3.39877
4.50867
2.14894
5.35865
1.47498
4.01284
3.76102
1.52547
3.03212
2.89101
2.56236
3.40499
2.6854
5.68704
4.82684
3.93104
4.54439
3.20521
2.05827
4.2648
2.5607
4.01143
3.5946
5.8498
5.69869
5.1568
5.46426
4.84828
1.93714
2.89127
3.86703
5.48065
5.1725
4.30841
4.29601
3.91402
4.28671
1.83158
3.78549
3.28983
3.62728
4.71199
3.33155
4.76554
4.6098
4.43413
3.06906
5.45126
2.76917
2.57661
3.54474
3.36373
3.92452
5.08556
4.01221
5.35351
3.94125
4.15483
3.44043
3.26354
2.53634
4.00226
2.88013
4.25141
4.61928
4.1564
3.21838
2.8798
3.95342
4.45229
3.5377
3.75733
4.44
3.46809
2.92422
2.66864
3.04166
4.89719
4.11804
2.53046
4.64204
4.15527
2.97799
3.07303
3.06742
2.4026
2.92911
3.1204
2.38903
6.6555
5.91975
4.69805
5.64341
3.04048
2.41003
1.70466
1.40636
2.85341
2.4902
4.23962
5.35763
4.69571
5.88857
2.59235
2.86512
2.34301
2.24588
1.93606
1.81734
4.24156
5.1472
3.38865
2.44228
1.55107
3.33023
5.45756
5.62961
3.09008
5.32023
7.17201
4.48884
2.48978
1.92292
2.21974
3.03553
3.46905
4.41546
4.14348
4.96492
1.97995
1.18934
3.10588
2.64196
4.42358
3.36305
5.01268
2.9492
3.39075
3.9297
3.97854
4.88087
2.32768
3.06302
3.4319
5.79675
7.60698
3.37196
2.63592
7.86259
3.5333
1.43452
2.66934
3.21637
3.84529
5.11543
3.70636
4.9944
3.3552
5.19553
2.81545
2.55965
1.9606
1.99834
2.10225
1.95579
2.53938
3.29918
2.9542
5.41243
4.12048
3.80006
2.84006
4.22936
3.16323
4.24918
3.91009
5.01266
3.93637
4.58202
5.01499
4.76598
4.67269
4.5942
2.46533
2.96202
2.56099
4.55723
5.68887
5.00001
3.09436
2.30078
3.79618
3.31009
5.25454
3.17936
4.14851
3.10961
6.23224
6.46026
4.10503
4.03975
2.7528
2.74507
2.0501
2.24875
3.57802
3.69254
2.05164
3.60652
3.62783
2.64236
2.15555
4.5934
5.50891
4.30007
2.44166
4.40636
2.82325
3.17499
2.95111
4.04805
3.04098
3.40591
4.12966
4.76513
4.42936
4.55451
3.64178
3.74843
4.06378
7.39759
4.18684
5.13487
3.79458
1.70591
2.5586
4.64365
3.46283
3.36894
2.18546
3.40678
4.61485
3.46331
2.09195
1.67987
3.7304
2.12253
2.05532
2.563
1.58518
2.74573
4.17245
2.90006
2.12773
2.65563
2.69499
4.4001
5.13597
7.03727
5.22181
2.10085
3.94067
4.11643
6.7067
3.86603
2.41218
2.83746
4.49806
3.33182
2.61196
2.71013
3.74531
6.78146
2.91572
5.30576
4.30791
2.38684
2.38211
2.71583
2.2288
2.77262
4.78522
2.38787
2.90916
2.83889
3.45511
2.02623
3.09275
3.63347
2.70227
2.1344
3.0396
3.38605
2.16905
3.53109
4.49914
3.28941
3.30405
7.00301
4.75297
1.86516
1.3832
1.77025
2.42369
2.67124
8.3626
4.77983
3.5575
2.86189
3.95495
3.88554
2.90145
2.66572
4.19598
3.06466
3.92718
3.16111
2.49685
2.25555
5.28436
3.48777
4.47875
3.54137
3.73372
2.89618
5.83175
4.62095
2.12426
2.92606
3.945
2.74424
2.74827
3.0742
4.7255
2.60871
2.802
3.49878
2.93841
4.12376
3.60861
2.10917
1.47295
3.91555
5.37219
4.2998
2.39033
2.15242
1.74879
3.59309
4.50597
3.24992
2.28183
2.04484
2.19846
3.41596
2.53078
4.1367
1.59849
2.02269
1.70256
4.24775
2.73698
2.45567
3.22851
3.37291
4.88488
2.26961
4.82389
3.61397
5.53162
6.06399
2.42253
4.53982
3.65667
4.44458
4.20712
4.07937
5.16178
2.24184
2.20966
3.838
2.34871
1.93139
2.43122
2.22429
2.58644
1.93396
2.13949
2.62305
2.91992
5.57278
5.41828
3.81417
2.86743
2.20564
1.95442
4.01635
4.16417
2.85131
2.80677
2.1271
5.53302
3.9047
1.75472
1.7533
2.49364
3.20404
3.74657
3.94197
2.09551
3.04366
2.2883
2.39157
4.85707
2.83742
2.13124
3.0183
1.72717
1.35003
4.59481
3.81899
2.37441
2.27322
1.72673
1.54142
3.45477
3.63895
2.77001
3.05693
3.22241
3.46614
2.2281
6.56655
2.05182
2.2879
2.06458
2.75219
3.48485
2.01686
1.98483
1.37403
3.89217
1.71428
3.02275
1.79626
6.34247
5.60012
5.19371
3.25868
3.33715
2.21004
3.11452
3.31517
4.31837
4.4029
2.9504
2.54305
1.73344
1.76351
3.65993
2.67266
3.1078
2.84866
4.15605
3.85593
7.91743
8.02054
6.42519
4.94414
2.6684
2.58131
3.93644
3.54728
1.62308
1.20466
3.46877
2.36468
1.55633
3.08413
3.55636
3.05709
3.51748
2.45455
4.05626
4.29828
4.20923
1.60463
2.19174
2.25677
4.1005
2.2297
1.74224
2.95491
4.49131
3.57381
3.30358
2.05639
3.62972
2.90205
3.90056
3.82944
3.34236
1.18346
2.56724
2.59927
4.08715
2.90953
3.59588
3.23866
2.09972
3.67858
2.94336
3.53604
5.39439
2.27017
2.01719
1.29514
1.17879
2.46868
3.12593
3.20566
0.913222
2.0233
1.77928
3.16185
4.64309
4.40084
4.74778
4.66065
2.31974
3.13141
3.42968
3.40468
2.23049
3.85906
5.35946
7.79516
5.74457
4.24378
4.38446
2.28384
2.87372
2.22676
3.03391
2.71629
2.26836
1.61792
3.03792
3.23206
4.08042
4.87254
4.08357
2.51152
1.99131
1.92446
2.31942
3.30903
2.09319
2.3244
2.03057
2.74345
3.83999
3.4225
3.16146
4.92315
6.52853
5.32072
5.95002
3.33669
2.63038
3.40971
3.44468
4.27858
3.71163
4.1055
3.44805
3.62007
3.30325
3.12836
3.31348
3.52346
2.96604
3.05364
6.58765
5.15664
5.35674
6.99818
2.94242
6.08548
4.24517
3.87989
2.90894
5.04354
3.60291
5.15847
4.44024
4.36406
8.89058
2.99899
4.78941
2.04005
2.60746
5.6987
1.60546
2.30828
3.1845
3.04168
2.38191
3.87552
3.63036
1.39752
1.46851
2.86473
3.58852
3.24674
2.42702
4.75978
4.49204
3.15109
2.38675
4.1384
4.23937
4.54451
4.25119
3.25822
3.77798
3.47727
3.48539
2.89589
1.43818
3.08194
3.77804
3.03661
3.37721
2.42793
3.72375
3.47194
2.04724
2.8594
4.35378
4.27398
4.75716
7.12373
2.44379
2.74395
1.7659
4.27991
4.13242
2.08218
2.91823
2.81617
3.10772
4.35472
2.60726
1.8641
3.84935
1.94493
1.28588
5.82297
5.64047
4.50886
6.01085
2.53029
3.03943
3.19282
2.96317
3.28197
4.9117
4.34977
4.17079
3.87919
3.79021
4.09831
2.83891
4.38857
3.66879
3.12494
4.31363
4.20162
2.44531
1.95914
3.97047
3.41577
3.65671
4.97136
4.79084
2.5637
2.17773
3.57944
1.2428
4.35441
3.04834
2.51275
3.7608
2.41043
1.52878
2.61224
4.89277
2.05766
2.00535
4.82944
3.40679
3.79299
3.93201
5.18619
3.25899
2.07126
2.64769
5.13705
2.9587
3.5377
2.30488
3.7987
5.8814
7.33062
6.55603
4.01552
3.29475
2.43381
2.58072
4.48416
4.30674
7.79352
3.72661
3.71075
3.93838
2.89544
2.83638
1.82148
2.97512
4.28203
5.36405
2.49776
3.50805
2.6427
3.10294
2.3484
3.14193
1.35197
2.38791
3.69417
3.53258
2.85141
5.01953
3.69723
3.20144
2.41758
2.81735
1.26716
1.28413
3.00106
6.8141
3.94495
2.8184
3.185
3.76837
3.45395
3.40333
2.8214
3.3764
3.23738
4.17475
2.55949
4.58514
2.67074
2.80118
3.33205
2.0986
2.55911
2.50323
2.49019
3.8102
6.6136
4.61057
3.27569
3.88912
3.29714
2.26832
1.93558
2.49994
3.65248
4.69053
2.84471
3.76975
2.95207
2.57114
3.70347
6.26212
1.7017
3.64923
3.83269
6.49566
3.60508
4.78573
5.83743
4.212
3.2387
5.35734
2.34326
5.00579
5.11309
3.49741
4.09482
3.04927
4.64714
6.21482
6.1664
3.89348
5.4647
4.45428
6.13604
5.97793
4.34761
3.21093
5.6481
5.59961
3.27607
2.58242
4.85064
5.05481
5.20562
3.09374
3.37282
3.15354
2.25191
1.31906
1.84656
1.85643
1.55342
6.21859
2.63772
3.48126
4.7079
4.88574
3.84233
3.5193
3.11377
2.63199
3.41085
2.70523
2.55027
4.30514
3.16777
3.12602
1.77611
3.75722
4.82464
3.88753
2.37435
2.55251
3.13002
2.96684
3.56802
3.69262
2.15253
3.34097
3.42402
3.00827
2.95611
3.33086
3.83809
3.47759
2.90044
2.28069
1.95593
2.79515
0.907367
2.11749
3.97554
4.85179
4.05083
4.09763
3.5057
3.5637
2.50948
2.83468
3.07795
3.84566
4.93476
6.37271
4.06415
5.11552
3.48022
2.86852
2.79551
4.20602
4.29089
6.03581
7.78759
3.87881
2.35477
4.25749
6.03689
4.5125
3.39254
4.29449
5.21977
5.83767
4.44512
7.95032
3.40387
4.06762
4.53807
4.47338
5.12495
4.80179
2.20345
3.55715
3.89836
2.86473
3.17024
4.2368
6.81059
3.92453
3.17622
1.39798
4.89842
2.50306
4.42823
4.41728
4.92433
4.93489
2.13791
3.0581
4.2973
4.4886
1.7993
2.70458
4.18187
3.62128
2.98632
4.5747
5.43783
4.24758
5.95836
4.25162
2.69057
3.05024
3.21372
2.69644
3.97786
3.64529
2.12653
3.00368
3.55543
4.84457
4.62056
3.89966
2.14971
1.36117
1.45456
2.13117
2.73854
5.31291
4.14581
4.04045
5.28799
2.00352
5.46839
3.71764
3.07753
2.46118
2.62172
2.74855
2.54104
2.40032
4.70507
2.48452
4.37057
2.81373
3.95758
6.117
6.54512
