1 49 5
1 45 5
1 44 5
1 42 9
1 50 3
1 46 6
1 41 4
1 47 7
1 48 2
1 43 4
2 17 4
2 14 3
2 15 3
2 51 1
2 18 3
2 13 8
2 20 10
2 16 2
2 58 1
2 12 7
2 19 5
2 57 1
2 11 2
3 22 1
3 28 1
3 11 5
3 17 7
3 16 6
3 13 4
3 26 1
3 19 4
3 15 3
3 12 1
3 14 6
3 20 5
3 18 6
4 52 1
4 53 3
4 55 1
4 88 2
4 82 4
4 90 5
4 87 4
4 54 2
4 56 3
4 83 3
4 86 3
4 51 2
4 81 2
4 58 2
4 84 5
4 85 5
4 89 3
5 67 2
5 61 8
5 63 5
5 68 3
5 62 5
5 69 7
5 70 6
5 66 4
5 64 6
5 65 4
6 25 1
6 30 1
6 24 1
6 29 4
6 15 1
6 17 3
6 22 2
6 18 3
6 12 7
6 21 2
6 27 2
6 28 1
6 23 2
6 11 2
6 19 2
6 16 4
6 20 5
6 13 7
7 58 1
7 60 5
7 55 4
7 59 6
7 54 3
7 53 7
7 52 3
7 57 6
7 56 8
7 51 7
8 99 3
8 44 1
8 100 5
8 98 5
8 48 1
8 94 2
8 92 7
8 95 6
8 91 4
8 93 8
8 96 8
9 13 3
9 11 4
9 18 4
9 12 6
9 17 5
9 15 4
9 16 4
9 20 3
9 19 8
9 14 9
10 59 2
10 51 3
10 55 2
10 53 3
10 58 3
10 60 8
10 54 9
10 57 5
10 52 8
10 56 6
10 33 1
11 27 1
11 65 1
11 69 1
11 29 2
11 68 1
11 85 1
11 82 4
11 87 2
11 64 1
11 30 1
11 84 1
11 25 2
11 89 3
11 67 1
11 90 9
11 83 4
11 28 1
11 81 3
11 63 2
11 86 7
11 70 2
12 12 1
12 34 2
12 40 3
12 17 1
12 24 3
12 30 4
12 15 2
12 38 2
12 35 1
12 20 2
12 23 5
12 25 2
12 26 3
12 39 6
12 11 1
12 27 2
12 21 2
12 36 1
12 22 2
12 33 1
12 28 1
12 31 1
12 37 1
12 29 1
13 57 1
13 51 2
13 22 2
13 30 2
13 56 1
13 52 1
13 21 3
13 53 1
13 60 6
13 26 1
13 25 5
13 54 1
13 28 1
13 23 3
13 59 2
13 27 3
13 55 6
13 58 5
13 24 4
14 39 1
14 47 2
14 34 3
14 31 2
14 41 2
14 49 2
14 44 2
14 45 2
14 32 6
14 42 2
14 50 3
14 33 5
14 48 5
14 40 3
14 46 4
14 43 2
14 35 4
15 60 1
15 55 1
15 53 2
15 59 4
15 52 9
15 51 5
15 56 8
15 54 6
15 57 7
15 58 7
16 69 6
16 62 4
16 63 3
16 64 3
16 61 6
16 67 6
16 65 5
16 70 8
16 68 6
16 66 3
17 17 5
17 16 4
17 18 4
17 20 8
17 11 2
17 13 6
17 14 7
17 15 4
17 12 6
17 19 4
18 54 2
18 52 2
18 51 9
18 53 6
18 56 10
18 58 4
18 60 4
18 55 4
18 59 4
18 57 5
19 57 1
19 60 2
19 42 5
19 41 2
19 50 2
19 97 1
19 43 3
19 91 1
19 44 7
19 46 2
19 93 3
19 45 4
19 92 2
19 96 1
19 49 2
19 48 3
19 95 4
19 47 3
19 94 2
20 60 2
20 59 5
20 52 5
20 51 5
20 53 10
20 54 3
20 58 7
20 55 3
20 57 4
20 56 6
21 54 1
21 56 1
21 29 1
21 31 1
21 52 1
21 27 7
21 28 5
21 30 4
21 39 1
21 21 4
21 22 5
21 57 4
21 23 5
21 26 3
21 24 7
22 24 1
22 27 1
22 32 2
22 22 1
22 33 3
22 25 1
22 26 2
22 30 1
22 28 4
22 36 3
22 29 2
22 21 5
22 37 6
22 38 1
22 40 5
22 35 3
22 39 4
22 31 4
22 34 1
23 56 2
23 52 3
23 58 7
23 54 5
23 60 5
23 59 4
23 55 9
23 57 4
23 53 4
23 51 7
24 36 2
24 37 1
24 40 3
24 62 1
24 21 5
24 27 4
24 22 2
24 28 4
24 30 3
24 67 1
24 35 5
24 32 4
24 24 2
24 25 6
24 23 5
24 29 2
25 38 3
25 40 5
25 35 8
25 37 5
25 32 4
25 34 7
25 33 5
25 39 5
25 31 4
25 36 4
26 74 2
26 50 1
26 48 1
26 42 1
26 79 1
26 80 2
26 29 1
26 76 2
26 75 5
26 71 2
26 21 1
26 77 6
26 46 2
26 73 6
26 78 9
26 72 7
26 43 1
27 57 3
27 36 2
27 47 1
27 50 1
27 31 1
27 51 4
27 33 2
27 42 1
27 39 2
27 40 1
27 60 2
27 56 1
27 58 2
27 55 5
27 52 5
27 53 8
27 32 1
27 54 2
27 37 1
27 59 3
27 38 2
28 14 1
28 37 1
28 36 2
28 31 1
28 35 1
28 93 2
28 33 1
28 40 1
28 91 2
28 96 6
28 34 1
28 94 1
28 92 4
28 95 6
28 98 3
28 97 5
28 99 3
28 100 9
29 60 6
29 57 5
29 58 5
29 55 7
29 59 5
29 56 4
29 51 5
29 54 4
29 53 9
30 52 1
30 67 2
30 66 1
30 59 2
30 60 5
30 54 4
30 70 2
30 65 4
30 63 2
30 55 5
30 68 1
30 58 3
30 53 2
30 64 1
30 51 2
30 62 4
30 56 4
30 69 1
30 61 4
31 59 1
31 60 1
31 61 2
31 57 1
31 55 3
31 48 1
31 50 1
31 54 1
31 58 1
31 51 2
31 68 3
31 41 1
31 63 3
31 64 3
31 65 4
31 53 3
31 56 4
31 99 1
31 52 4
31 49 2
31 46 1
31 62 1
31 67 2
31 66 2
31 94 1
31 47 1
32 38 2
32 39 4
32 35 7
32 31 3
32 32 5
32 33 5
32 37 4
32 36 6
32 40 7
32 34 7
33 53 2
33 57 4
33 56 2
33 59 5
33 51 4
33 58 10
33 60 1
33 54 5
33 52 9
33 55 8
34 54 1
34 57 3
34 56 5
34 51 7
34 60 3
34 52 5
34 53 7
34 59 5
34 58 7
34 55 7
35 54 1
35 15 3
35 17 2
35 60 1
35 13 4
35 56 1
35 18 7
35 11 4
35 59 1
35 12 5
35 19 6
35 20 5
35 53 3
35 55 1
35 16 3
35 14 3
36 20 3
36 16 2
36 13 6
36 19 3
36 17 4
36 15 10
36 14 7
36 11 5
36 18 4
36 12 6
37 52 5
37 55 2
37 57 3
37 53 3
37 56 6
37 60 4
37 58 7
37 54 6
37 59 6
37 51 8
38 8 6
38 5 3
38 4 6
38 6 6
38 2 5
38 7 9
38 3 1
38 10 3
38 1 6
38 9 5
39 53 3
39 60 5
39 51 7
39 58 4
39 59 5
39 56 4
39 52 4
39 57 7
39 54 5
39 55 6
40 56 6
40 52 5
40 53 3
40 59 4
40 60 8
40 55 4
40 51 6
40 54 3
40 57 1
40 58 10
